$1......2.......3.......4.......5.......6.......7.......8.......
GRID           1        0.      0.      0.      
GRID           2        0.01    0.      0.      
GRID           3        0.02    0.      0.      
GRID           4        0.03    0.      0.      
GRID           5        0.04    0.      0.      
GRID           6        0.05    0.      0.      
GRID           7        0.06    0.      0.      
GRID           8        0.07    0.      0.      
GRID           9        0.08    0.      0.      
GRID          10        0.09    0.      0.      
GRID          11        0.1     0.      0.      
GRID          12        0.11    0.      0.      
GRID          13        0.12    0.      0.      
GRID          14        0.13    0.      0.      
GRID          15        0.14    0.      0.      
GRID          16        0.15    0.      0.      
GRID          17        0.16    0.      0.      
GRID          18        0.17    0.      0.      
GRID          19        0.18    0.      0.      
GRID          20        0.19    0.      0.      
GRID          21        0.2     0.      0.      
GRID          22        0.21    0.      0.      
GRID          23        0.22    0.      0.      
GRID          24        0.23    0.      0.      
GRID          25        0.24    0.      0.      
GRID          26        0.25    0.      0.      
GRID          27        0.26    0.      0.      
GRID          28        0.27    0.      0.      
GRID          29        0.28    0.      0.      
GRID          30        0.29    0.      0.      
GRID          31        0.3     0.      0.      
GRID          32        0.31    0.      0.      
GRID          33        0.32    0.      0.      
GRID          34        0.33    0.      0.      
GRID          35        0.34    0.      0.      
GRID          36        0.35    0.      0.      
GRID          37        0.36    0.      0.      
GRID          38        0.37    0.      0.      
GRID          39        0.38    0.      0.      
GRID          40        0.39    0.      0.      
GRID          41        0.4     0.      0.      
GRID          42        0.      0.01    0.      
GRID          43        0.01    0.01    0.      
GRID          44        0.02    0.01    0.      
GRID          45        0.03    0.01    0.      
GRID          46        0.04    0.01    0.      
GRID          47        0.05    0.01    0.      
GRID          48        0.06    0.01    0.      
GRID          49        0.07    0.01    0.      
GRID          50        0.08    0.01    0.      
GRID          51        0.09    0.01    0.      
GRID          52        0.1     0.01    0.      
GRID          53        0.11    0.01    0.      
GRID          54        0.12    0.01    0.      
GRID          55        0.13    0.01    0.      
GRID          56        0.14    0.01    0.      
GRID          57        0.15    0.01    0.      
GRID          58        0.16    0.01    0.      
GRID          59        0.17    0.01    0.      
GRID          60        0.18    0.01    0.      
GRID          61        0.19    0.01    0.      
GRID          62        0.2     0.01    0.      
GRID          63        0.21    0.01    0.      
GRID          64        0.22    0.01    0.      
GRID          65        0.23    0.01    0.      
GRID          66        0.24    0.01    0.      
GRID          67        0.25    0.01    0.      
GRID          68        0.26    0.01    0.      
GRID          69        0.27    0.01    0.      
GRID          70        0.28    0.01    0.      
GRID          71        0.29    0.01    0.      
GRID          72        0.3     0.01    0.      
GRID          73        0.31    0.01    0.      
GRID          74        0.32    0.01    0.      
GRID          75        0.33    0.01    0.      
GRID          76        0.34    0.01    0.      
GRID          77        0.35    0.01    0.      
GRID          78        0.36    0.01    0.      
GRID          79        0.37    0.01    0.      
GRID          80        0.38    0.01    0.      
GRID          81        0.39    0.01    0.      
GRID          82        0.4     0.01    0.      
GRID          83        0.      0.02    0.      
GRID          84        0.01    0.02    0.      
GRID          85        0.02    0.02    0.      
GRID          86        0.03    0.02    0.      
GRID          87        0.04    0.02    0.      
GRID          88        0.05    0.02    0.      
GRID          89        0.06    0.02    0.      
GRID          90        0.07    0.02    0.      
GRID          91        0.08    0.02    0.      
GRID          92        0.09    0.02    0.      
GRID          93        0.1     0.02    0.      
GRID          94        0.11    0.02    0.      
GRID          95        0.12    0.02    0.      
GRID          96        0.13    0.02    0.      
GRID          97        0.14    0.02    0.      
GRID          98        0.15    0.02    0.      
GRID          99        0.16    0.02    0.      
GRID         100        0.17    0.02    0.      
GRID         101        0.18    0.02    0.      
GRID         102        0.19    0.02    0.      
GRID         103        0.2     0.02    0.      
GRID         104        0.21    0.02    0.      
GRID         105        0.22    0.02    0.      
GRID         106        0.23    0.02    0.      
GRID         107        0.24    0.02    0.      
GRID         108        0.25    0.02    0.      
GRID         109        0.26    0.02    0.      
GRID         110        0.27    0.02    0.      
GRID         111        0.28    0.02    0.      
GRID         112        0.29    0.02    0.      
GRID         113        0.3     0.02    0.      
GRID         114        0.31    0.02    0.      
GRID         115        0.32    0.02    0.      
GRID         116        0.33    0.02    0.      
GRID         117        0.34    0.02    0.      
GRID         118        0.35    0.02    0.      
GRID         119        0.36    0.02    0.      
GRID         120        0.37    0.02    0.      
GRID         121        0.38    0.02    0.      
GRID         122        0.39    0.02    0.      
GRID         123        0.4     0.02    0.      
GRID         124        0.      0.03    0.      
GRID         125        0.01    0.03    0.      
GRID         126        0.02    0.03    0.      
GRID         127        0.03    0.03    0.      
GRID         128        0.04    0.03    0.      
GRID         129        0.05    0.03    0.      
GRID         130        0.06    0.03    0.      
GRID         131        0.07    0.03    0.      
GRID         132        0.08    0.03    0.      
GRID         133        0.09    0.03    0.      
GRID         134        0.1     0.03    0.      
GRID         135        0.11    0.03    0.      
GRID         136        0.12    0.03    0.      
GRID         137        0.13    0.03    0.      
GRID         138        0.14    0.03    0.      
GRID         139        0.15    0.03    0.      
GRID         140        0.16    0.03    0.      
GRID         141        0.17    0.03    0.      
GRID         142        0.18    0.03    0.      
GRID         143        0.19    0.03    0.      
GRID         144        0.2     0.03    0.      
GRID         145        0.21    0.03    0.      
GRID         146        0.22    0.03    0.      
GRID         147        0.23    0.03    0.      
GRID         148        0.24    0.03    0.      
GRID         149        0.25    0.03    0.      
GRID         150        0.26    0.03    0.      
GRID         151        0.27    0.03    0.      
GRID         152        0.28    0.03    0.      
GRID         153        0.29    0.03    0.      
GRID         154        0.3     0.03    0.      
GRID         155        0.31    0.03    0.      
GRID         156        0.32    0.03    0.      
GRID         157        0.33    0.03    0.      
GRID         158        0.34    0.03    0.      
GRID         159        0.35    0.03    0.      
GRID         160        0.36    0.03    0.      
GRID         161        0.37    0.03    0.      
GRID         162        0.38    0.03    0.      
GRID         163        0.39    0.03    0.      
GRID         164        0.4     0.03    0.      
GRID         165        0.      0.04    0.      
GRID         166        0.01    0.04    0.      
GRID         167        0.02    0.04    0.      
GRID         168        0.03    0.04    0.      
GRID         169        0.04    0.04    0.      
GRID         170        0.05    0.04    0.      
GRID         171        0.06    0.04    0.      
GRID         172        0.07    0.04    0.      
GRID         173        0.08    0.04    0.      
GRID         174        0.09    0.04    0.      
GRID         175        0.1     0.04    0.      
GRID         176        0.11    0.04    0.      
GRID         177        0.12    0.04    0.      
GRID         178        0.13    0.04    0.      
GRID         179        0.14    0.04    0.      
GRID         180        0.15    0.04    0.      
GRID         181        0.16    0.04    0.      
GRID         182        0.17    0.04    0.      
GRID         183        0.18    0.04    0.      
GRID         184        0.19    0.04    0.      
GRID         185        0.2     0.04    0.      
GRID         186        0.21    0.04    0.      
GRID         187        0.22    0.04    0.      
GRID         188        0.23    0.04    0.      
GRID         189        0.24    0.04    0.      
GRID         190        0.25    0.04    0.      
GRID         191        0.26    0.04    0.      
GRID         192        0.27    0.04    0.      
GRID         193        0.28    0.04    0.      
GRID         194        0.29    0.04    0.      
GRID         195        0.3     0.04    0.      
GRID         196        0.31    0.04    0.      
GRID         197        0.32    0.04    0.      
GRID         198        0.33    0.04    0.      
GRID         199        0.34    0.04    0.      
GRID         200        0.35    0.04    0.      
GRID         201        0.36    0.04    0.      
GRID         202        0.37    0.04    0.      
GRID         203        0.38    0.04    0.      
GRID         204        0.39    0.04    0.      
GRID         205        0.4     0.04    0.      
GRID         206        0.      0.05    0.      
GRID         207        0.01    0.05    0.      
GRID         208        0.02    0.05    0.      
GRID         209        0.03    0.05    0.      
GRID         210        0.04    0.05    0.      
GRID         211        0.05    0.05    0.      
GRID         212        0.06    0.05    0.      
GRID         213        0.07    0.05    0.      
GRID         214        0.08    0.05    0.      
GRID         215        0.09    0.05    0.      
GRID         216        0.1     0.05    0.      
GRID         217        0.11    0.05    0.      
GRID         218        0.12    0.05    0.      
GRID         219        0.13    0.05    0.      
GRID         220        0.14    0.05    0.      
GRID         221        0.15    0.05    0.      
GRID         222        0.16    0.05    0.      
GRID         223        0.17    0.05    0.      
GRID         224        0.18    0.05    0.      
GRID         225        0.19    0.05    0.      
GRID         226        0.2     0.05    0.      
GRID         227        0.21    0.05    0.      
GRID         228        0.22    0.05    0.      
GRID         229        0.23    0.05    0.      
GRID         230        0.24    0.05    0.      
GRID         231        0.25    0.05    0.      
GRID         232        0.26    0.05    0.      
GRID         233        0.27    0.05    0.      
GRID         234        0.28    0.05    0.      
GRID         235        0.29    0.05    0.      
GRID         236        0.3     0.05    0.      
GRID         237        0.31    0.05    0.      
GRID         238        0.32    0.05    0.      
GRID         239        0.33    0.05    0.      
GRID         240        0.34    0.05    0.      
GRID         241        0.35    0.05    0.      
GRID         242        0.36    0.05    0.      
GRID         243        0.37    0.05    0.      
GRID         244        0.38    0.05    0.      
GRID         245        0.39    0.05    0.      
GRID         246        0.4     0.05    0.      
GRID         247        0.      0.06    0.      
GRID         248        0.01    0.06    0.      
GRID         249        0.02    0.06    0.      
GRID         250        0.03    0.06    0.      
GRID         251        0.04    0.06    0.      
GRID         252        0.05    0.06    0.      
GRID         253        0.06    0.06    0.      
GRID         254        0.07    0.06    0.      
GRID         255        0.08    0.06    0.      
GRID         256        0.09    0.06    0.      
GRID         257        0.1     0.06    0.      
GRID         258        0.11    0.06    0.      
GRID         259        0.12    0.06    0.      
GRID         260        0.13    0.06    0.      
GRID         261        0.14    0.06    0.      
GRID         262        0.15    0.06    0.      
GRID         263        0.16    0.06    0.      
GRID         264        0.17    0.06    0.      
GRID         265        0.18    0.06    0.      
GRID         266        0.19    0.06    0.      
GRID         267        0.2     0.06    0.      
GRID         268        0.21    0.06    0.      
GRID         269        0.22    0.06    0.      
GRID         270        0.23    0.06    0.      
GRID         271        0.24    0.06    0.      
GRID         272        0.25    0.06    0.      
GRID         273        0.26    0.06    0.      
GRID         274        0.27    0.06    0.      
GRID         275        0.28    0.06    0.      
GRID         276        0.29    0.06    0.      
GRID         277        0.3     0.06    0.      
GRID         278        0.31    0.06    0.      
GRID         279        0.32    0.06    0.      
GRID         280        0.33    0.06    0.      
GRID         281        0.34    0.06    0.      
GRID         282        0.35    0.06    0.      
GRID         283        0.36    0.06    0.      
GRID         284        0.37    0.06    0.      
GRID         285        0.38    0.06    0.      
GRID         286        0.39    0.06    0.      
GRID         287        0.4     0.06    0.      
GRID         288        0.      0.07    0.      
GRID         289        0.01    0.07    0.      
GRID         290        0.02    0.07    0.      
GRID         291        0.03    0.07    0.      
GRID         292        0.04    0.07    0.      
GRID         293        0.05    0.07    0.      
GRID         294        0.06    0.07    0.      
GRID         295        0.07    0.07    0.      
GRID         296        0.08    0.07    0.      
GRID         297        0.09    0.07    0.      
GRID         298        0.1     0.07    0.      
GRID         299        0.11    0.07    0.      
GRID         300        0.12    0.07    0.      
GRID         301        0.13    0.07    0.      
GRID         302        0.14    0.07    0.      
GRID         303        0.15    0.07    0.      
GRID         304        0.16    0.07    0.      
GRID         305        0.17    0.07    0.      
GRID         306        0.18    0.07    0.      
GRID         307        0.19    0.07    0.      
GRID         308        0.2     0.07    0.      
GRID         309        0.21    0.07    0.      
GRID         310        0.22    0.07    0.      
GRID         311        0.23    0.07    0.      
GRID         312        0.24    0.07    0.      
GRID         313        0.25    0.07    0.      
GRID         314        0.26    0.07    0.      
GRID         315        0.27    0.07    0.      
GRID         316        0.28    0.07    0.      
GRID         317        0.29    0.07    0.      
GRID         318        0.3     0.07    0.      
GRID         319        0.31    0.07    0.      
GRID         320        0.32    0.07    0.      
GRID         321        0.33    0.07    0.      
GRID         322        0.34    0.07    0.      
GRID         323        0.35    0.07    0.      
GRID         324        0.36    0.07    0.      
GRID         325        0.37    0.07    0.      
GRID         326        0.38    0.07    0.      
GRID         327        0.39    0.07    0.      
GRID         328        0.4     0.07    0.      
GRID         329        0.      0.08    0.      
GRID         330        0.01    0.08    0.      
GRID         331        0.02    0.08    0.      
GRID         332        0.03    0.08    0.      
GRID         333        0.04    0.08    0.      
GRID         334        0.05    0.08    0.      
GRID         335        0.06    0.08    0.      
GRID         336        0.07    0.08    0.      
GRID         337        0.08    0.08    0.      
GRID         338        0.09    0.08    0.      
GRID         339        0.1     0.08    0.      
GRID         340        0.11    0.08    0.      
GRID         341        0.12    0.08    0.      
GRID         342        0.13    0.08    0.      
GRID         343        0.14    0.08    0.      
GRID         344        0.15    0.08    0.      
GRID         345        0.16    0.08    0.      
GRID         346        0.17    0.08    0.      
GRID         347        0.18    0.08    0.      
GRID         348        0.19    0.08    0.      
GRID         349        0.2     0.08    0.      
GRID         350        0.21    0.08    0.      
GRID         351        0.22    0.08    0.      
GRID         352        0.23    0.08    0.      
GRID         353        0.24    0.08    0.      
GRID         354        0.25    0.08    0.      
GRID         355        0.26    0.08    0.      
GRID         356        0.27    0.08    0.      
GRID         357        0.28    0.08    0.      
GRID         358        0.29    0.08    0.      
GRID         359        0.3     0.08    0.      
GRID         360        0.31    0.08    0.      
GRID         361        0.32    0.08    0.      
GRID         362        0.33    0.08    0.      
GRID         363        0.34    0.08    0.      
GRID         364        0.35    0.08    0.      
GRID         365        0.36    0.08    0.      
GRID         366        0.37    0.08    0.      
GRID         367        0.38    0.08    0.      
GRID         368        0.39    0.08    0.      
GRID         369        0.4     0.08    0.      
GRID         370        0.      0.09    0.      
GRID         371        0.01    0.09    0.      
GRID         372        0.02    0.09    0.      
GRID         373        0.03    0.09    0.      
GRID         374        0.04    0.09    0.      
GRID         375        0.05    0.09    0.      
GRID         376        0.06    0.09    0.      
GRID         377        0.07    0.09    0.      
GRID         378        0.08    0.09    0.      
GRID         379        0.09    0.09    0.      
GRID         380        0.1     0.09    0.      
GRID         381        0.11    0.09    0.      
GRID         382        0.12    0.09    0.      
GRID         383        0.13    0.09    0.      
GRID         384        0.14    0.09    0.      
GRID         385        0.15    0.09    0.      
GRID         386        0.16    0.09    0.      
GRID         387        0.17    0.09    0.      
GRID         388        0.18    0.09    0.      
GRID         389        0.19    0.09    0.      
GRID         390        0.2     0.09    0.      
GRID         391        0.21    0.09    0.      
GRID         392        0.22    0.09    0.      
GRID         393        0.23    0.09    0.      
GRID         394        0.24    0.09    0.      
GRID         395        0.25    0.09    0.      
GRID         396        0.26    0.09    0.      
GRID         397        0.27    0.09    0.      
GRID         398        0.28    0.09    0.      
GRID         399        0.29    0.09    0.      
GRID         400        0.3     0.09    0.      
GRID         401        0.31    0.09    0.      
GRID         402        0.32    0.09    0.      
GRID         403        0.33    0.09    0.      
GRID         404        0.34    0.09    0.      
GRID         405        0.35    0.09    0.      
GRID         406        0.36    0.09    0.      
GRID         407        0.37    0.09    0.      
GRID         408        0.38    0.09    0.      
GRID         409        0.39    0.09    0.      
GRID         410        0.4     0.09    0.      
GRID         411        0.      0.1     0.      
GRID         412        0.01    0.1     0.      
GRID         413        0.02    0.1     0.      
GRID         414        0.03    0.1     0.      
GRID         415        0.04    0.1     0.      
GRID         416        0.05    0.1     0.      
GRID         417        0.06    0.1     0.      
GRID         418        0.07    0.1     0.      
GRID         419        0.08    0.1     0.      
GRID         420        0.09    0.1     0.      
GRID         421        0.1     0.1     0.      
GRID         422        0.11    0.1     0.      
GRID         423        0.12    0.1     0.      
GRID         424        0.13    0.1     0.      
GRID         425        0.14    0.1     0.      
GRID         426        0.15    0.1     0.      
GRID         427        0.16    0.1     0.      
GRID         428        0.17    0.1     0.      
GRID         429        0.18    0.1     0.      
GRID         430        0.19    0.1     0.      
GRID         431        0.2     0.1     0.      
GRID         432        0.21    0.1     0.      
GRID         433        0.22    0.1     0.      
GRID         434        0.23    0.1     0.      
GRID         435        0.24    0.1     0.      
GRID         436        0.25    0.1     0.      
GRID         437        0.26    0.1     0.      
GRID         438        0.27    0.1     0.      
GRID         439        0.28    0.1     0.      
GRID         440        0.29    0.1     0.      
GRID         441        0.3     0.1     0.      
GRID         442        0.31    0.1     0.      
GRID         443        0.32    0.1     0.      
GRID         444        0.33    0.1     0.      
GRID         445        0.34    0.1     0.      
GRID         446        0.35    0.1     0.      
GRID         447        0.36    0.1     0.      
GRID         448        0.37    0.1     0.      
GRID         449        0.38    0.1     0.      
GRID         450        0.39    0.1     0.      
GRID         451        0.4     0.1     0.      
GRID         452        0.      0.11    0.      
GRID         453        0.01    0.11    0.      
GRID         454        0.02    0.11    0.      
GRID         455        0.03    0.11    0.      
GRID         456        0.04    0.11    0.      
GRID         457        0.05    0.11    0.      
GRID         458        0.06    0.11    0.      
GRID         459        0.07    0.11    0.      
GRID         460        0.08    0.11    0.      
GRID         461        0.09    0.11    0.      
GRID         462        0.1     0.11    0.      
GRID         463        0.11    0.11    0.      
GRID         464        0.12    0.11    0.      
GRID         465        0.13    0.11    0.      
GRID         466        0.14    0.11    0.      
GRID         467        0.15    0.11    0.      
GRID         468        0.16    0.11    0.      
GRID         469        0.17    0.11    0.      
GRID         470        0.18    0.11    0.      
GRID         471        0.19    0.11    0.      
GRID         472        0.2     0.11    0.      
GRID         473        0.21    0.11    0.      
GRID         474        0.22    0.11    0.      
GRID         475        0.23    0.11    0.      
GRID         476        0.24    0.11    0.      
GRID         477        0.25    0.11    0.      
GRID         478        0.26    0.11    0.      
GRID         479        0.27    0.11    0.      
GRID         480        0.28    0.11    0.      
GRID         481        0.29    0.11    0.      
GRID         482        0.3     0.11    0.      
GRID         483        0.31    0.11    0.      
GRID         484        0.32    0.11    0.      
GRID         485        0.33    0.11    0.      
GRID         486        0.34    0.11    0.      
GRID         487        0.35    0.11    0.      
GRID         488        0.36    0.11    0.      
GRID         489        0.37    0.11    0.      
GRID         490        0.38    0.11    0.      
GRID         491        0.39    0.11    0.      
GRID         492        0.4     0.11    0.      
GRID         493        0.      0.12    0.      
GRID         494        0.01    0.12    0.      
GRID         495        0.02    0.12    0.      
GRID         496        0.03    0.12    0.      
GRID         497        0.04    0.12    0.      
GRID         498        0.05    0.12    0.      
GRID         499        0.06    0.12    0.      
GRID         500        0.07    0.12    0.      
GRID         501        0.08    0.12    0.      
GRID         502        0.09    0.12    0.      
GRID         503        0.1     0.12    0.      
GRID         504        0.11    0.12    0.      
GRID         505        0.12    0.12    0.      
GRID         506        0.13    0.12    0.      
GRID         507        0.14    0.12    0.      
GRID         508        0.15    0.12    0.      
GRID         509        0.16    0.12    0.      
GRID         510        0.17    0.12    0.      
GRID         511        0.18    0.12    0.      
GRID         512        0.19    0.12    0.      
GRID         513        0.2     0.12    0.      
GRID         514        0.21    0.12    0.      
GRID         515        0.22    0.12    0.      
GRID         516        0.23    0.12    0.      
GRID         517        0.24    0.12    0.      
GRID         518        0.25    0.12    0.      
GRID         519        0.26    0.12    0.      
GRID         520        0.27    0.12    0.      
GRID         521        0.28    0.12    0.      
GRID         522        0.29    0.12    0.      
GRID         523        0.3     0.12    0.      
GRID         524        0.31    0.12    0.      
GRID         525        0.32    0.12    0.      
GRID         526        0.33    0.12    0.      
GRID         527        0.34    0.12    0.      
GRID         528        0.35    0.12    0.      
GRID         529        0.36    0.12    0.      
GRID         530        0.37    0.12    0.      
GRID         531        0.38    0.12    0.      
GRID         532        0.39    0.12    0.      
GRID         533        0.4     0.12    0.      
GRID         534        0.      0.13    0.      
GRID         535        0.01    0.13    0.      
GRID         536        0.02    0.13    0.      
GRID         537        0.03    0.13    0.      
GRID         538        0.04    0.13    0.      
GRID         539        0.05    0.13    0.      
GRID         540        0.06    0.13    0.      
GRID         541        0.07    0.13    0.      
GRID         542        0.08    0.13    0.      
GRID         543        0.09    0.13    0.      
GRID         544        0.1     0.13    0.      
GRID         545        0.11    0.13    0.      
GRID         546        0.12    0.13    0.      
GRID         547        0.13    0.13    0.      
GRID         548        0.14    0.13    0.      
GRID         549        0.15    0.13    0.      
GRID         550        0.16    0.13    0.      
GRID         551        0.17    0.13    0.      
GRID         552        0.18    0.13    0.      
GRID         553        0.19    0.13    0.      
GRID         554        0.2     0.13    0.      
GRID         555        0.21    0.13    0.      
GRID         556        0.22    0.13    0.      
GRID         557        0.23    0.13    0.      
GRID         558        0.24    0.13    0.      
GRID         559        0.25    0.13    0.      
GRID         560        0.26    0.13    0.      
GRID         561        0.27    0.13    0.      
GRID         562        0.28    0.13    0.      
GRID         563        0.29    0.13    0.      
GRID         564        0.3     0.13    0.      
GRID         565        0.31    0.13    0.      
GRID         566        0.32    0.13    0.      
GRID         567        0.33    0.13    0.      
GRID         568        0.34    0.13    0.      
GRID         569        0.35    0.13    0.      
GRID         570        0.36    0.13    0.      
GRID         571        0.37    0.13    0.      
GRID         572        0.38    0.13    0.      
GRID         573        0.39    0.13    0.      
GRID         574        0.4     0.13    0.      
GRID         575        0.      0.14    0.      
GRID         576        0.01    0.14    0.      
GRID         577        0.02    0.14    0.      
GRID         578        0.03    0.14    0.      
GRID         579        0.04    0.14    0.      
GRID         580        0.05    0.14    0.      
GRID         581        0.06    0.14    0.      
GRID         582        0.07    0.14    0.      
GRID         583        0.08    0.14    0.      
GRID         584        0.09    0.14    0.      
GRID         585        0.1     0.14    0.      
GRID         586        0.11    0.14    0.      
GRID         587        0.12    0.14    0.      
GRID         588        0.13    0.14    0.      
GRID         589        0.14    0.14    0.      
GRID         590        0.15    0.14    0.      
GRID         591        0.16    0.14    0.      
GRID         592        0.17    0.14    0.      
GRID         593        0.18    0.14    0.      
GRID         594        0.19    0.14    0.      
GRID         595        0.2     0.14    0.      
GRID         596        0.21    0.14    0.      
GRID         597        0.22    0.14    0.      
GRID         598        0.23    0.14    0.      
GRID         599        0.24    0.14    0.      
GRID         600        0.25    0.14    0.      
GRID         601        0.26    0.14    0.      
GRID         602        0.27    0.14    0.      
GRID         603        0.28    0.14    0.      
GRID         604        0.29    0.14    0.      
GRID         605        0.3     0.14    0.      
GRID         606        0.31    0.14    0.      
GRID         607        0.32    0.14    0.      
GRID         608        0.33    0.14    0.      
GRID         609        0.34    0.14    0.      
GRID         610        0.35    0.14    0.      
GRID         611        0.36    0.14    0.      
GRID         612        0.37    0.14    0.      
GRID         613        0.38    0.14    0.      
GRID         614        0.39    0.14    0.      
GRID         615        0.4     0.14    0.      
GRID         616        0.      0.15    0.      
GRID         617        0.01    0.15    0.      
GRID         618        0.02    0.15    0.      
GRID         619        0.03    0.15    0.      
GRID         620        0.04    0.15    0.      
GRID         621        0.05    0.15    0.      
GRID         622        0.06    0.15    0.      
GRID         623        0.07    0.15    0.      
GRID         624        0.08    0.15    0.      
GRID         625        0.09    0.15    0.      
GRID         626        0.1     0.15    0.      
GRID         627        0.11    0.15    0.      
GRID         628        0.12    0.15    0.      
GRID         629        0.13    0.15    0.      
GRID         630        0.14    0.15    0.      
GRID         631        0.15    0.15    0.      
GRID         632        0.16    0.15    0.      
GRID         633        0.17    0.15    0.      
GRID         634        0.18    0.15    0.      
GRID         635        0.19    0.15    0.      
GRID         636        0.2     0.15    0.      
GRID         637        0.21    0.15    0.      
GRID         638        0.22    0.15    0.      
GRID         639        0.23    0.15    0.      
GRID         640        0.24    0.15    0.      
GRID         641        0.25    0.15    0.      
GRID         642        0.26    0.15    0.      
GRID         643        0.27    0.15    0.      
GRID         644        0.28    0.15    0.      
GRID         645        0.29    0.15    0.      
GRID         646        0.3     0.15    0.      
GRID         647        0.31    0.15    0.      
GRID         648        0.32    0.15    0.      
GRID         649        0.33    0.15    0.      
GRID         650        0.34    0.15    0.      
GRID         651        0.35    0.15    0.      
GRID         652        0.36    0.15    0.      
GRID         653        0.37    0.15    0.      
GRID         654        0.38    0.15    0.      
GRID         655        0.39    0.15    0.      
GRID         656        0.4     0.15    0.      
GRID         657        0.      0.16    0.      
GRID         658        0.01    0.16    0.      
GRID         659        0.02    0.16    0.      
GRID         660        0.03    0.16    0.      
GRID         661        0.04    0.16    0.      
GRID         662        0.05    0.16    0.      
GRID         663        0.06    0.16    0.      
GRID         664        0.07    0.16    0.      
GRID         665        0.08    0.16    0.      
GRID         666        0.09    0.16    0.      
GRID         667        0.1     0.16    0.      
GRID         668        0.11    0.16    0.      
GRID         669        0.12    0.16    0.      
GRID         670        0.13    0.16    0.      
GRID         671        0.14    0.16    0.      
GRID         672        0.15    0.16    0.      
GRID         673        0.16    0.16    0.      
GRID         674        0.17    0.16    0.      
GRID         675        0.18    0.16    0.      
GRID         676        0.19    0.16    0.      
GRID         677        0.2     0.16    0.      
GRID         678        0.21    0.16    0.      
GRID         679        0.22    0.16    0.      
GRID         680        0.23    0.16    0.      
GRID         681        0.24    0.16    0.      
GRID         682        0.25    0.16    0.      
GRID         683        0.26    0.16    0.      
GRID         684        0.27    0.16    0.      
GRID         685        0.28    0.16    0.      
GRID         686        0.29    0.16    0.      
GRID         687        0.3     0.16    0.      
GRID         688        0.31    0.16    0.      
GRID         689        0.32    0.16    0.      
GRID         690        0.33    0.16    0.      
GRID         691        0.34    0.16    0.      
GRID         692        0.35    0.16    0.      
GRID         693        0.36    0.16    0.      
GRID         694        0.37    0.16    0.      
GRID         695        0.38    0.16    0.      
GRID         696        0.39    0.16    0.      
GRID         697        0.4     0.16    0.      
GRID         698        0.      0.17    0.      
GRID         699        0.01    0.17    0.      
GRID         700        0.02    0.17    0.      
GRID         701        0.03    0.17    0.      
GRID         702        0.04    0.17    0.      
GRID         703        0.05    0.17    0.      
GRID         704        0.06    0.17    0.      
GRID         705        0.07    0.17    0.      
GRID         706        0.08    0.17    0.      
GRID         707        0.09    0.17    0.      
GRID         708        0.1     0.17    0.      
GRID         709        0.11    0.17    0.      
GRID         710        0.12    0.17    0.      
GRID         711        0.13    0.17    0.      
GRID         712        0.14    0.17    0.      
GRID         713        0.15    0.17    0.      
GRID         714        0.16    0.17    0.      
GRID         715        0.17    0.17    0.      
GRID         716        0.18    0.17    0.      
GRID         717        0.19    0.17    0.      
GRID         718        0.2     0.17    0.      
GRID         719        0.21    0.17    0.      
GRID         720        0.22    0.17    0.      
GRID         721        0.23    0.17    0.      
GRID         722        0.24    0.17    0.      
GRID         723        0.25    0.17    0.      
GRID         724        0.26    0.17    0.      
GRID         725        0.27    0.17    0.      
GRID         726        0.28    0.17    0.      
GRID         727        0.29    0.17    0.      
GRID         728        0.3     0.17    0.      
GRID         729        0.31    0.17    0.      
GRID         730        0.32    0.17    0.      
GRID         731        0.33    0.17    0.      
GRID         732        0.34    0.17    0.      
GRID         733        0.35    0.17    0.      
GRID         734        0.36    0.17    0.      
GRID         735        0.37    0.17    0.      
GRID         736        0.38    0.17    0.      
GRID         737        0.39    0.17    0.      
GRID         738        0.4     0.17    0.      
GRID         739        0.      0.18    0.      
GRID         740        0.01    0.18    0.      
GRID         741        0.02    0.18    0.      
GRID         742        0.03    0.18    0.      
GRID         743        0.04    0.18    0.      
GRID         744        0.05    0.18    0.      
GRID         745        0.06    0.18    0.      
GRID         746        0.07    0.18    0.      
GRID         747        0.08    0.18    0.      
GRID         748        0.09    0.18    0.      
GRID         749        0.1     0.18    0.      
GRID         750        0.11    0.18    0.      
GRID         751        0.12    0.18    0.      
GRID         752        0.13    0.18    0.      
GRID         753        0.14    0.18    0.      
GRID         754        0.15    0.18    0.      
GRID         755        0.16    0.18    0.      
GRID         756        0.17    0.18    0.      
GRID         757        0.18    0.18    0.      
GRID         758        0.19    0.18    0.      
GRID         759        0.2     0.18    0.      
GRID         760        0.21    0.18    0.      
GRID         761        0.22    0.18    0.      
GRID         762        0.23    0.18    0.      
GRID         763        0.24    0.18    0.      
GRID         764        0.25    0.18    0.      
GRID         765        0.26    0.18    0.      
GRID         766        0.27    0.18    0.      
GRID         767        0.28    0.18    0.      
GRID         768        0.29    0.18    0.      
GRID         769        0.3     0.18    0.      
GRID         770        0.31    0.18    0.      
GRID         771        0.32    0.18    0.      
GRID         772        0.33    0.18    0.      
GRID         773        0.34    0.18    0.      
GRID         774        0.35    0.18    0.      
GRID         775        0.36    0.18    0.      
GRID         776        0.37    0.18    0.      
GRID         777        0.38    0.18    0.      
GRID         778        0.39    0.18    0.      
GRID         779        0.4     0.18    0.      
GRID         780        0.      0.19    0.      
GRID         781        0.01    0.19    0.      
GRID         782        0.02    0.19    0.      
GRID         783        0.03    0.19    0.      
GRID         784        0.04    0.19    0.      
GRID         785        0.05    0.19    0.      
GRID         786        0.06    0.19    0.      
GRID         787        0.07    0.19    0.      
GRID         788        0.08    0.19    0.      
GRID         789        0.09    0.19    0.      
GRID         790        0.1     0.19    0.      
GRID         791        0.11    0.19    0.      
GRID         792        0.12    0.19    0.      
GRID         793        0.13    0.19    0.      
GRID         794        0.14    0.19    0.      
GRID         795        0.15    0.19    0.      
GRID         796        0.16    0.19    0.      
GRID         797        0.17    0.19    0.      
GRID         798        0.18    0.19    0.      
GRID         799        0.19    0.19    0.      
GRID         800        0.2     0.19    0.      
GRID         801        0.21    0.19    0.      
GRID         802        0.22    0.19    0.      
GRID         803        0.23    0.19    0.      
GRID         804        0.24    0.19    0.      
GRID         805        0.25    0.19    0.      
GRID         806        0.26    0.19    0.      
GRID         807        0.27    0.19    0.      
GRID         808        0.28    0.19    0.      
GRID         809        0.29    0.19    0.      
GRID         810        0.3     0.19    0.      
GRID         811        0.31    0.19    0.      
GRID         812        0.32    0.19    0.      
GRID         813        0.33    0.19    0.      
GRID         814        0.34    0.19    0.      
GRID         815        0.35    0.19    0.      
GRID         816        0.36    0.19    0.      
GRID         817        0.37    0.19    0.      
GRID         818        0.38    0.19    0.      
GRID         819        0.39    0.19    0.      
GRID         820        0.4     0.19    0.      
GRID         821        0.      0.2     0.      
GRID         822        0.01    0.2     0.      
GRID         823        0.02    0.2     0.      
GRID         824        0.03    0.2     0.      
GRID         825        0.04    0.2     0.      
GRID         826        0.05    0.2     0.      
GRID         827        0.06    0.2     0.      
GRID         828        0.07    0.2     0.      
GRID         829        0.08    0.2     0.      
GRID         830        0.09    0.2     0.      
GRID         831        0.1     0.2     0.      
GRID         832        0.11    0.2     0.      
GRID         833        0.12    0.2     0.      
GRID         834        0.13    0.2     0.      
GRID         835        0.14    0.2     0.      
GRID         836        0.15    0.2     0.      
GRID         837        0.16    0.2     0.      
GRID         838        0.17    0.2     0.      
GRID         839        0.18    0.2     0.      
GRID         840        0.19    0.2     0.      
GRID         841        0.2     0.2     0.      
GRID         842        0.21    0.2     0.      
GRID         843        0.22    0.2     0.      
GRID         844        0.23    0.2     0.      
GRID         845        0.24    0.2     0.      
GRID         846        0.25    0.2     0.      
GRID         847        0.26    0.2     0.      
GRID         848        0.27    0.2     0.      
GRID         849        0.28    0.2     0.      
GRID         850        0.29    0.2     0.      
GRID         851        0.3     0.2     0.      
GRID         852        0.31    0.2     0.      
GRID         853        0.32    0.2     0.      
GRID         854        0.33    0.2     0.      
GRID         855        0.34    0.2     0.      
GRID         856        0.35    0.2     0.      
GRID         857        0.36    0.2     0.      
GRID         858        0.37    0.2     0.      
GRID         859        0.38    0.2     0.      
GRID         860        0.39    0.2     0.      
GRID         861        0.4     0.2     0.      
GRID         862        0.      0.21    0.      
GRID         863        0.01    0.21    0.      
GRID         864        0.02    0.21    0.      
GRID         865        0.03    0.21    0.      
GRID         866        0.04    0.21    0.      
GRID         867        0.05    0.21    0.      
GRID         868        0.06    0.21    0.      
GRID         869        0.07    0.21    0.      
GRID         870        0.08    0.21    0.      
GRID         871        0.09    0.21    0.      
GRID         872        0.1     0.21    0.      
GRID         873        0.11    0.21    0.      
GRID         874        0.12    0.21    0.      
GRID         875        0.13    0.21    0.      
GRID         876        0.14    0.21    0.      
GRID         877        0.15    0.21    0.      
GRID         878        0.16    0.21    0.      
GRID         879        0.17    0.21    0.      
GRID         880        0.18    0.21    0.      
GRID         881        0.19    0.21    0.      
GRID         882        0.2     0.21    0.      
GRID         883        0.21    0.21    0.      
GRID         884        0.22    0.21    0.      
GRID         885        0.23    0.21    0.      
GRID         886        0.24    0.21    0.      
GRID         887        0.25    0.21    0.      
GRID         888        0.26    0.21    0.      
GRID         889        0.27    0.21    0.      
GRID         890        0.28    0.21    0.      
GRID         891        0.29    0.21    0.      
GRID         892        0.3     0.21    0.      
GRID         893        0.31    0.21    0.      
GRID         894        0.32    0.21    0.      
GRID         895        0.33    0.21    0.      
GRID         896        0.34    0.21    0.      
GRID         897        0.35    0.21    0.      
GRID         898        0.36    0.21    0.      
GRID         899        0.37    0.21    0.      
GRID         900        0.38    0.21    0.      
GRID         901        0.39    0.21    0.      
GRID         902        0.4     0.21    0.      
GRID         903        0.      0.22    0.      
GRID         904        0.01    0.22    0.      
GRID         905        0.02    0.22    0.      
GRID         906        0.03    0.22    0.      
GRID         907        0.04    0.22    0.      
GRID         908        0.05    0.22    0.      
GRID         909        0.06    0.22    0.      
GRID         910        0.07    0.22    0.      
GRID         911        0.08    0.22    0.      
GRID         912        0.09    0.22    0.      
GRID         913        0.1     0.22    0.      
GRID         914        0.11    0.22    0.      
GRID         915        0.12    0.22    0.      
GRID         916        0.13    0.22    0.      
GRID         917        0.14    0.22    0.      
GRID         918        0.15    0.22    0.      
GRID         919        0.16    0.22    0.      
GRID         920        0.17    0.22    0.      
GRID         921        0.18    0.22    0.      
GRID         922        0.19    0.22    0.      
GRID         923        0.2     0.22    0.      
GRID         924        0.21    0.22    0.      
GRID         925        0.22    0.22    0.      
GRID         926        0.23    0.22    0.      
GRID         927        0.24    0.22    0.      
GRID         928        0.25    0.22    0.      
GRID         929        0.26    0.22    0.      
GRID         930        0.27    0.22    0.      
GRID         931        0.28    0.22    0.      
GRID         932        0.29    0.22    0.      
GRID         933        0.3     0.22    0.      
GRID         934        0.31    0.22    0.      
GRID         935        0.32    0.22    0.      
GRID         936        0.33    0.22    0.      
GRID         937        0.34    0.22    0.      
GRID         938        0.35    0.22    0.      
GRID         939        0.36    0.22    0.      
GRID         940        0.37    0.22    0.      
GRID         941        0.38    0.22    0.      
GRID         942        0.39    0.22    0.      
GRID         943        0.4     0.22    0.      
GRID         944        0.      0.23    0.      
GRID         945        0.01    0.23    0.      
GRID         946        0.02    0.23    0.      
GRID         947        0.03    0.23    0.      
GRID         948        0.04    0.23    0.      
GRID         949        0.05    0.23    0.      
GRID         950        0.06    0.23    0.      
GRID         951        0.07    0.23    0.      
GRID         952        0.08    0.23    0.      
GRID         953        0.09    0.23    0.      
GRID         954        0.1     0.23    0.      
GRID         955        0.11    0.23    0.      
GRID         956        0.12    0.23    0.      
GRID         957        0.13    0.23    0.      
GRID         958        0.14    0.23    0.      
GRID         959        0.15    0.23    0.      
GRID         960        0.16    0.23    0.      
GRID         961        0.17    0.23    0.      
GRID         962        0.18    0.23    0.      
GRID         963        0.19    0.23    0.      
GRID         964        0.2     0.23    0.      
GRID         965        0.21    0.23    0.      
GRID         966        0.22    0.23    0.      
GRID         967        0.23    0.23    0.      
GRID         968        0.24    0.23    0.      
GRID         969        0.25    0.23    0.      
GRID         970        0.26    0.23    0.      
GRID         971        0.27    0.23    0.      
GRID         972        0.28    0.23    0.      
GRID         973        0.29    0.23    0.      
GRID         974        0.3     0.23    0.      
GRID         975        0.31    0.23    0.      
GRID         976        0.32    0.23    0.      
GRID         977        0.33    0.23    0.      
GRID         978        0.34    0.23    0.      
GRID         979        0.35    0.23    0.      
GRID         980        0.36    0.23    0.      
GRID         981        0.37    0.23    0.      
GRID         982        0.38    0.23    0.      
GRID         983        0.39    0.23    0.      
GRID         984        0.4     0.23    0.      
GRID         985        0.      0.24    0.      
GRID         986        0.01    0.24    0.      
GRID         987        0.02    0.24    0.      
GRID         988        0.03    0.24    0.      
GRID         989        0.04    0.24    0.      
GRID         990        0.05    0.24    0.      
GRID         991        0.06    0.24    0.      
GRID         992        0.07    0.24    0.      
GRID         993        0.08    0.24    0.      
GRID         994        0.09    0.24    0.      
GRID         995        0.1     0.24    0.      
GRID         996        0.11    0.24    0.      
GRID         997        0.12    0.24    0.      
GRID         998        0.13    0.24    0.      
GRID         999        0.14    0.24    0.      
GRID        1000        0.15    0.24    0.      
GRID        1001        0.16    0.24    0.      
GRID        1002        0.17    0.24    0.      
GRID        1003        0.18    0.24    0.      
GRID        1004        0.19    0.24    0.      
GRID        1005        0.2     0.24    0.      
GRID        1006        0.21    0.24    0.      
GRID        1007        0.22    0.24    0.      
GRID        1008        0.23    0.24    0.      
GRID        1009        0.24    0.24    0.      
GRID        1010        0.25    0.24    0.      
GRID        1011        0.26    0.24    0.      
GRID        1012        0.27    0.24    0.      
GRID        1013        0.28    0.24    0.      
GRID        1014        0.29    0.24    0.      
GRID        1015        0.3     0.24    0.      
GRID        1016        0.31    0.24    0.      
GRID        1017        0.32    0.24    0.      
GRID        1018        0.33    0.24    0.      
GRID        1019        0.34    0.24    0.      
GRID        1020        0.35    0.24    0.      
GRID        1021        0.36    0.24    0.      
GRID        1022        0.37    0.24    0.      
GRID        1023        0.38    0.24    0.      
GRID        1024        0.39    0.24    0.      
GRID        1025        0.4     0.24    0.      
GRID        1026        0.      0.25    0.      
GRID        1027        0.01    0.25    0.      
GRID        1028        0.02    0.25    0.      
GRID        1029        0.03    0.25    0.      
GRID        1030        0.04    0.25    0.      
GRID        1031        0.05    0.25    0.      
GRID        1032        0.06    0.25    0.      
GRID        1033        0.07    0.25    0.      
GRID        1034        0.08    0.25    0.      
GRID        1035        0.09    0.25    0.      
GRID        1036        0.1     0.25    0.      
GRID        1037        0.11    0.25    0.      
GRID        1038        0.12    0.25    0.      
GRID        1039        0.13    0.25    0.      
GRID        1040        0.14    0.25    0.      
GRID        1041        0.15    0.25    0.      
GRID        1042        0.16    0.25    0.      
GRID        1043        0.17    0.25    0.      
GRID        1044        0.18    0.25    0.      
GRID        1045        0.19    0.25    0.      
GRID        1046        0.2     0.25    0.      
GRID        1047        0.21    0.25    0.      
GRID        1048        0.22    0.25    0.      
GRID        1049        0.23    0.25    0.      
GRID        1050        0.24    0.25    0.      
GRID        1051        0.25    0.25    0.      
GRID        1052        0.26    0.25    0.      
GRID        1053        0.27    0.25    0.      
GRID        1054        0.28    0.25    0.      
GRID        1055        0.29    0.25    0.      
GRID        1056        0.3     0.25    0.      
GRID        1057        0.31    0.25    0.      
GRID        1058        0.32    0.25    0.      
GRID        1059        0.33    0.25    0.      
GRID        1060        0.34    0.25    0.      
GRID        1061        0.35    0.25    0.      
GRID        1062        0.36    0.25    0.      
GRID        1063        0.37    0.25    0.      
GRID        1064        0.38    0.25    0.      
GRID        1065        0.39    0.25    0.      
GRID        1066        0.4     0.25    0.      
GRID        1067        0.      0.26    0.      
GRID        1068        0.01    0.26    0.      
GRID        1069        0.02    0.26    0.      
GRID        1070        0.03    0.26    0.      
GRID        1071        0.04    0.26    0.      
GRID        1072        0.05    0.26    0.      
GRID        1073        0.06    0.26    0.      
GRID        1074        0.07    0.26    0.      
GRID        1075        0.08    0.26    0.      
GRID        1076        0.09    0.26    0.      
GRID        1077        0.1     0.26    0.      
GRID        1078        0.11    0.26    0.      
GRID        1079        0.12    0.26    0.      
GRID        1080        0.13    0.26    0.      
GRID        1081        0.14    0.26    0.      
GRID        1082        0.15    0.26    0.      
GRID        1083        0.16    0.26    0.      
GRID        1084        0.17    0.26    0.      
GRID        1085        0.18    0.26    0.      
GRID        1086        0.19    0.26    0.      
GRID        1087        0.2     0.26    0.      
GRID        1088        0.21    0.26    0.      
GRID        1089        0.22    0.26    0.      
GRID        1090        0.23    0.26    0.      
GRID        1091        0.24    0.26    0.      
GRID        1092        0.25    0.26    0.      
GRID        1093        0.26    0.26    0.      
GRID        1094        0.27    0.26    0.      
GRID        1095        0.28    0.26    0.      
GRID        1096        0.29    0.26    0.      
GRID        1097        0.3     0.26    0.      
GRID        1098        0.31    0.26    0.      
GRID        1099        0.32    0.26    0.      
GRID        1100        0.33    0.26    0.      
GRID        1101        0.34    0.26    0.      
GRID        1102        0.35    0.26    0.      
GRID        1103        0.36    0.26    0.      
GRID        1104        0.37    0.26    0.      
GRID        1105        0.38    0.26    0.      
GRID        1106        0.39    0.26    0.      
GRID        1107        0.4     0.26    0.      
GRID        1108        0.      0.27    0.      
GRID        1109        0.01    0.27    0.      
GRID        1110        0.02    0.27    0.      
GRID        1111        0.03    0.27    0.      
GRID        1112        0.04    0.27    0.      
GRID        1113        0.05    0.27    0.      
GRID        1114        0.06    0.27    0.      
GRID        1115        0.07    0.27    0.      
GRID        1116        0.08    0.27    0.      
GRID        1117        0.09    0.27    0.      
GRID        1118        0.1     0.27    0.      
GRID        1119        0.11    0.27    0.      
GRID        1120        0.12    0.27    0.      
GRID        1121        0.13    0.27    0.      
GRID        1122        0.14    0.27    0.      
GRID        1123        0.15    0.27    0.      
GRID        1124        0.16    0.27    0.      
GRID        1125        0.17    0.27    0.      
GRID        1126        0.18    0.27    0.      
GRID        1127        0.19    0.27    0.      
GRID        1128        0.2     0.27    0.      
GRID        1129        0.21    0.27    0.      
GRID        1130        0.22    0.27    0.      
GRID        1131        0.23    0.27    0.      
GRID        1132        0.24    0.27    0.      
GRID        1133        0.25    0.27    0.      
GRID        1134        0.26    0.27    0.      
GRID        1135        0.27    0.27    0.      
GRID        1136        0.28    0.27    0.      
GRID        1137        0.29    0.27    0.      
GRID        1138        0.3     0.27    0.      
GRID        1139        0.31    0.27    0.      
GRID        1140        0.32    0.27    0.      
GRID        1141        0.33    0.27    0.      
GRID        1142        0.34    0.27    0.      
GRID        1143        0.35    0.27    0.      
GRID        1144        0.36    0.27    0.      
GRID        1145        0.37    0.27    0.      
GRID        1146        0.38    0.27    0.      
GRID        1147        0.39    0.27    0.      
GRID        1148        0.4     0.27    0.      
GRID        1149        0.      0.28    0.      
GRID        1150        0.01    0.28    0.      
GRID        1151        0.02    0.28    0.      
GRID        1152        0.03    0.28    0.      
GRID        1153        0.04    0.28    0.      
GRID        1154        0.05    0.28    0.      
GRID        1155        0.06    0.28    0.      
GRID        1156        0.07    0.28    0.      
GRID        1157        0.08    0.28    0.      
GRID        1158        0.09    0.28    0.      
GRID        1159        0.1     0.28    0.      
GRID        1160        0.11    0.28    0.      
GRID        1161        0.12    0.28    0.      
GRID        1162        0.13    0.28    0.      
GRID        1163        0.14    0.28    0.      
GRID        1164        0.15    0.28    0.      
GRID        1165        0.16    0.28    0.      
GRID        1166        0.17    0.28    0.      
GRID        1167        0.18    0.28    0.      
GRID        1168        0.19    0.28    0.      
GRID        1169        0.2     0.28    0.      
GRID        1170        0.21    0.28    0.      
GRID        1171        0.22    0.28    0.      
GRID        1172        0.23    0.28    0.      
GRID        1173        0.24    0.28    0.      
GRID        1174        0.25    0.28    0.      
GRID        1175        0.26    0.28    0.      
GRID        1176        0.27    0.28    0.      
GRID        1177        0.28    0.28    0.      
GRID        1178        0.29    0.28    0.      
GRID        1179        0.3     0.28    0.      
GRID        1180        0.31    0.28    0.      
GRID        1181        0.32    0.28    0.      
GRID        1182        0.33    0.28    0.      
GRID        1183        0.34    0.28    0.      
GRID        1184        0.35    0.28    0.      
GRID        1185        0.36    0.28    0.      
GRID        1186        0.37    0.28    0.      
GRID        1187        0.38    0.28    0.      
GRID        1188        0.39    0.28    0.      
GRID        1189        0.4     0.28    0.      
GRID        1190        0.      0.29    0.      
GRID        1191        0.01    0.29    0.      
GRID        1192        0.02    0.29    0.      
GRID        1193        0.03    0.29    0.      
GRID        1194        0.04    0.29    0.      
GRID        1195        0.05    0.29    0.      
GRID        1196        0.06    0.29    0.      
GRID        1197        0.07    0.29    0.      
GRID        1198        0.08    0.29    0.      
GRID        1199        0.09    0.29    0.      
GRID        1200        0.1     0.29    0.      
GRID        1201        0.11    0.29    0.      
GRID        1202        0.12    0.29    0.      
GRID        1203        0.13    0.29    0.      
GRID        1204        0.14    0.29    0.      
GRID        1205        0.15    0.29    0.      
GRID        1206        0.16    0.29    0.      
GRID        1207        0.17    0.29    0.      
GRID        1208        0.18    0.29    0.      
GRID        1209        0.19    0.29    0.      
GRID        1210        0.2     0.29    0.      
GRID        1211        0.21    0.29    0.      
GRID        1212        0.22    0.29    0.      
GRID        1213        0.23    0.29    0.      
GRID        1214        0.24    0.29    0.      
GRID        1215        0.25    0.29    0.      
GRID        1216        0.26    0.29    0.      
GRID        1217        0.27    0.29    0.      
GRID        1218        0.28    0.29    0.      
GRID        1219        0.29    0.29    0.      
GRID        1220        0.3     0.29    0.      
GRID        1221        0.31    0.29    0.      
GRID        1222        0.32    0.29    0.      
GRID        1223        0.33    0.29    0.      
GRID        1224        0.34    0.29    0.      
GRID        1225        0.35    0.29    0.      
GRID        1226        0.36    0.29    0.      
GRID        1227        0.37    0.29    0.      
GRID        1228        0.38    0.29    0.      
GRID        1229        0.39    0.29    0.      
GRID        1230        0.4     0.29    0.      
GRID        1231        0.      0.3     0.      
GRID        1232        0.01    0.3     0.      
GRID        1233        0.02    0.3     0.      
GRID        1234        0.03    0.3     0.      
GRID        1235        0.04    0.3     0.      
GRID        1236        0.05    0.3     0.      
GRID        1237        0.06    0.3     0.      
GRID        1238        0.07    0.3     0.      
GRID        1239        0.08    0.3     0.      
GRID        1240        0.09    0.3     0.      
GRID        1241        0.1     0.3     0.      
GRID        1242        0.11    0.3     0.      
GRID        1243        0.12    0.3     0.      
GRID        1244        0.13    0.3     0.      
GRID        1245        0.14    0.3     0.      
GRID        1246        0.15    0.3     0.      
GRID        1247        0.16    0.3     0.      
GRID        1248        0.17    0.3     0.      
GRID        1249        0.18    0.3     0.      
GRID        1250        0.19    0.3     0.      
GRID        1251        0.2     0.3     0.      
GRID        1252        0.21    0.3     0.      
GRID        1253        0.22    0.3     0.      
GRID        1254        0.23    0.3     0.      
GRID        1255        0.24    0.3     0.      
GRID        1256        0.25    0.3     0.      
GRID        1257        0.26    0.3     0.      
GRID        1258        0.27    0.3     0.      
GRID        1259        0.28    0.3     0.      
GRID        1260        0.29    0.3     0.      
GRID        1261        0.3     0.3     0.      
GRID        1262        0.31    0.3     0.      
GRID        1263        0.32    0.3     0.      
GRID        1264        0.33    0.3     0.      
GRID        1265        0.34    0.3     0.      
GRID        1266        0.35    0.3     0.      
GRID        1267        0.36    0.3     0.      
GRID        1268        0.37    0.3     0.      
GRID        1269        0.38    0.3     0.      
GRID        1270        0.39    0.3     0.      
GRID        1271        0.4     0.3     0.      
