CQUAD4,       1,       1,       1,       2,      43,      42,0
CQUAD4,       2,       2,       2,       3,      44,      43,0
CQUAD4,       3,       3,       3,       4,      45,      44,0
CQUAD4,       4,       4,       4,       5,      46,      45,0
CQUAD4,       5,       5,       5,       6,      47,      46,0
CQUAD4,       6,       6,       6,       7,      48,      47,0
CQUAD4,       7,       7,       7,       8,      49,      48,0
CQUAD4,       8,       8,       8,       9,      50,      49,0
CQUAD4,       9,       9,       9,      10,      51,      50,0
CQUAD4,      10,      10,      10,      11,      52,      51,0
CQUAD4,      11,      11,      11,      12,      53,      52,0
CQUAD4,      12,      12,      12,      13,      54,      53,0
CQUAD4,      13,      13,      13,      14,      55,      54,0
CQUAD4,      14,      14,      14,      15,      56,      55,0
CQUAD4,      15,      15,      15,      16,      57,      56,0
CQUAD4,      16,      16,      16,      17,      58,      57,0
CQUAD4,      17,      17,      17,      18,      59,      58,0
CQUAD4,      18,      18,      18,      19,      60,      59,0
CQUAD4,      19,      19,      19,      20,      61,      60,0
CQUAD4,      20,      20,      20,      21,      62,      61,0
CQUAD4,      21,      21,      21,      22,      63,      62,0
CQUAD4,      22,      22,      22,      23,      64,      63,0
CQUAD4,      23,      23,      23,      24,      65,      64,0
CQUAD4,      24,      24,      24,      25,      66,      65,0
CQUAD4,      25,      25,      25,      26,      67,      66,0
CQUAD4,      26,      26,      26,      27,      68,      67,0
CQUAD4,      27,      27,      27,      28,      69,      68,0
CQUAD4,      28,      28,      28,      29,      70,      69,0
CQUAD4,      29,      29,      29,      30,      71,      70,0
CQUAD4,      30,      30,      30,      31,      72,      71,0
CQUAD4,      31,      31,      31,      32,      73,      72,0
CQUAD4,      32,      32,      32,      33,      74,      73,0
CQUAD4,      33,      33,      33,      34,      75,      74,0
CQUAD4,      34,      34,      34,      35,      76,      75,0
CQUAD4,      35,      35,      35,      36,      77,      76,0
CQUAD4,      36,      36,      36,      37,      78,      77,0
CQUAD4,      37,      37,      37,      38,      79,      78,0
CQUAD4,      38,      38,      38,      39,      80,      79,0
CQUAD4,      39,      39,      39,      40,      81,      80,0
CQUAD4,      40,      40,      40,      41,      82,      81,0
CQUAD4,      41,      41,      42,      43,      84,      83,0
CQUAD4,      42,      42,      43,      44,      85,      84,0
CQUAD4,      43,      43,      44,      45,      86,      85,0
CQUAD4,      44,      44,      45,      46,      87,      86,0
CQUAD4,      45,      45,      46,      47,      88,      87,0
CQUAD4,      46,      46,      47,      48,      89,      88,0
CQUAD4,      47,      47,      48,      49,      90,      89,0
CQUAD4,      48,      48,      49,      50,      91,      90,0
CQUAD4,      49,      49,      50,      51,      92,      91,0
CQUAD4,      50,      50,      51,      52,      93,      92,0
CQUAD4,      51,      51,      52,      53,      94,      93,0
CQUAD4,      52,      52,      53,      54,      95,      94,0
CQUAD4,      53,      53,      54,      55,      96,      95,0
CQUAD4,      54,      54,      55,      56,      97,      96,0
CQUAD4,      55,      55,      56,      57,      98,      97,0
CQUAD4,      56,      56,      57,      58,      99,      98,0
CQUAD4,      57,      57,      58,      59,     100,      99,0
CQUAD4,      58,      58,      59,      60,     101,     100,0
CQUAD4,      59,      59,      60,      61,     102,     101,0
CQUAD4,      60,      60,      61,      62,     103,     102,0
CQUAD4,      61,      61,      62,      63,     104,     103,0
CQUAD4,      62,      62,      63,      64,     105,     104,0
CQUAD4,      63,      63,      64,      65,     106,     105,0
CQUAD4,      64,      64,      65,      66,     107,     106,0
CQUAD4,      65,      65,      66,      67,     108,     107,0
CQUAD4,      66,      66,      67,      68,     109,     108,0
CQUAD4,      67,      67,      68,      69,     110,     109,0
CQUAD4,      68,      68,      69,      70,     111,     110,0
CQUAD4,      69,      69,      70,      71,     112,     111,0
CQUAD4,      70,      70,      71,      72,     113,     112,0
CQUAD4,      71,      71,      72,      73,     114,     113,0
CQUAD4,      72,      72,      73,      74,     115,     114,0
CQUAD4,      73,      73,      74,      75,     116,     115,0
CQUAD4,      74,      74,      75,      76,     117,     116,0
CQUAD4,      75,      75,      76,      77,     118,     117,0
CQUAD4,      76,      76,      77,      78,     119,     118,0
CQUAD4,      77,      77,      78,      79,     120,     119,0
CQUAD4,      78,      78,      79,      80,     121,     120,0
CQUAD4,      79,      79,      80,      81,     122,     121,0
CQUAD4,      80,      80,      81,      82,     123,     122,0
CQUAD4,      81,      81,      83,      84,     125,     124,0
CQUAD4,      82,      82,      84,      85,     126,     125,0
CQUAD4,      83,      83,      85,      86,     127,     126,0
CQUAD4,      84,      84,      86,      87,     128,     127,0
CQUAD4,      85,      85,      87,      88,     129,     128,0
CQUAD4,      86,      86,      88,      89,     130,     129,0
CQUAD4,      87,      87,      89,      90,     131,     130,0
CQUAD4,      88,      88,      90,      91,     132,     131,0
CQUAD4,      89,      89,      91,      92,     133,     132,0
CQUAD4,      90,      90,      92,      93,     134,     133,0
CQUAD4,      91,      91,      93,      94,     135,     134,0
CQUAD4,      92,      92,      94,      95,     136,     135,0
CQUAD4,      93,      93,      95,      96,     137,     136,0
CQUAD4,      94,      94,      96,      97,     138,     137,0
CQUAD4,      95,      95,      97,      98,     139,     138,0
CQUAD4,      96,      96,      98,      99,     140,     139,0
CQUAD4,      97,      97,      99,     100,     141,     140,0
CQUAD4,      98,      98,     100,     101,     142,     141,0
CQUAD4,      99,      99,     101,     102,     143,     142,0
CQUAD4,     100,     100,     102,     103,     144,     143,0
CQUAD4,     101,     101,     103,     104,     145,     144,0
CQUAD4,     102,     102,     104,     105,     146,     145,0
CQUAD4,     103,     103,     105,     106,     147,     146,0
CQUAD4,     104,     104,     106,     107,     148,     147,0
CQUAD4,     105,     105,     107,     108,     149,     148,0
CQUAD4,     106,     106,     108,     109,     150,     149,0
CQUAD4,     107,     107,     109,     110,     151,     150,0
CQUAD4,     108,     108,     110,     111,     152,     151,0
CQUAD4,     109,     109,     111,     112,     153,     152,0
CQUAD4,     110,     110,     112,     113,     154,     153,0
CQUAD4,     111,     111,     113,     114,     155,     154,0
CQUAD4,     112,     112,     114,     115,     156,     155,0
CQUAD4,     113,     113,     115,     116,     157,     156,0
CQUAD4,     114,     114,     116,     117,     158,     157,0
CQUAD4,     115,     115,     117,     118,     159,     158,0
CQUAD4,     116,     116,     118,     119,     160,     159,0
CQUAD4,     117,     117,     119,     120,     161,     160,0
CQUAD4,     118,     118,     120,     121,     162,     161,0
CQUAD4,     119,     119,     121,     122,     163,     162,0
CQUAD4,     120,     120,     122,     123,     164,     163,0
CQUAD4,     121,     121,     124,     125,     166,     165,0
CQUAD4,     122,     122,     125,     126,     167,     166,0
CQUAD4,     123,     123,     126,     127,     168,     167,0
CQUAD4,     124,     124,     127,     128,     169,     168,0
CQUAD4,     125,     125,     128,     129,     170,     169,0
CQUAD4,     126,     126,     129,     130,     171,     170,0
CQUAD4,     127,     127,     130,     131,     172,     171,0
CQUAD4,     128,     128,     131,     132,     173,     172,0
CQUAD4,     129,     129,     132,     133,     174,     173,0
CQUAD4,     130,     130,     133,     134,     175,     174,0
CQUAD4,     131,     131,     134,     135,     176,     175,0
CQUAD4,     132,     132,     135,     136,     177,     176,0
CQUAD4,     133,     133,     136,     137,     178,     177,0
CQUAD4,     134,     134,     137,     138,     179,     178,0
CQUAD4,     135,     135,     138,     139,     180,     179,0
CQUAD4,     136,     136,     139,     140,     181,     180,0
CQUAD4,     137,     137,     140,     141,     182,     181,0
CQUAD4,     138,     138,     141,     142,     183,     182,0
CQUAD4,     139,     139,     142,     143,     184,     183,0
CQUAD4,     140,     140,     143,     144,     185,     184,0
CQUAD4,     141,     141,     144,     145,     186,     185,0
CQUAD4,     142,     142,     145,     146,     187,     186,0
CQUAD4,     143,     143,     146,     147,     188,     187,0
CQUAD4,     144,     144,     147,     148,     189,     188,0
CQUAD4,     145,     145,     148,     149,     190,     189,0
CQUAD4,     146,     146,     149,     150,     191,     190,0
CQUAD4,     147,     147,     150,     151,     192,     191,0
CQUAD4,     148,     148,     151,     152,     193,     192,0
CQUAD4,     149,     149,     152,     153,     194,     193,0
CQUAD4,     150,     150,     153,     154,     195,     194,0
CQUAD4,     151,     151,     154,     155,     196,     195,0
CQUAD4,     152,     152,     155,     156,     197,     196,0
CQUAD4,     153,     153,     156,     157,     198,     197,0
CQUAD4,     154,     154,     157,     158,     199,     198,0
CQUAD4,     155,     155,     158,     159,     200,     199,0
CQUAD4,     156,     156,     159,     160,     201,     200,0
CQUAD4,     157,     157,     160,     161,     202,     201,0
CQUAD4,     158,     158,     161,     162,     203,     202,0
CQUAD4,     159,     159,     162,     163,     204,     203,0
CQUAD4,     160,     160,     163,     164,     205,     204,0
CQUAD4,     161,     161,     165,     166,     207,     206,0
CQUAD4,     162,     162,     166,     167,     208,     207,0
CQUAD4,     163,     163,     167,     168,     209,     208,0
CQUAD4,     164,     164,     168,     169,     210,     209,0
CQUAD4,     165,     165,     169,     170,     211,     210,0
CQUAD4,     166,     166,     170,     171,     212,     211,0
CQUAD4,     167,     167,     171,     172,     213,     212,0
CQUAD4,     168,     168,     172,     173,     214,     213,0
CQUAD4,     169,     169,     173,     174,     215,     214,0
CQUAD4,     170,     170,     174,     175,     216,     215,0
CQUAD4,     171,     171,     175,     176,     217,     216,0
CQUAD4,     172,     172,     176,     177,     218,     217,0
CQUAD4,     173,     173,     177,     178,     219,     218,0
CQUAD4,     174,     174,     178,     179,     220,     219,0
CQUAD4,     175,     175,     179,     180,     221,     220,0
CQUAD4,     176,     176,     180,     181,     222,     221,0
CQUAD4,     177,     177,     181,     182,     223,     222,0
CQUAD4,     178,     178,     182,     183,     224,     223,0
CQUAD4,     179,     179,     183,     184,     225,     224,0
CQUAD4,     180,     180,     184,     185,     226,     225,0
CQUAD4,     181,     181,     185,     186,     227,     226,0
CQUAD4,     182,     182,     186,     187,     228,     227,0
CQUAD4,     183,     183,     187,     188,     229,     228,0
CQUAD4,     184,     184,     188,     189,     230,     229,0
CQUAD4,     185,     185,     189,     190,     231,     230,0
CQUAD4,     186,     186,     190,     191,     232,     231,0
CQUAD4,     187,     187,     191,     192,     233,     232,0
CQUAD4,     188,     188,     192,     193,     234,     233,0
CQUAD4,     189,     189,     193,     194,     235,     234,0
CQUAD4,     190,     190,     194,     195,     236,     235,0
CQUAD4,     191,     191,     195,     196,     237,     236,0
CQUAD4,     192,     192,     196,     197,     238,     237,0
CQUAD4,     193,     193,     197,     198,     239,     238,0
CQUAD4,     194,     194,     198,     199,     240,     239,0
CQUAD4,     195,     195,     199,     200,     241,     240,0
CQUAD4,     196,     196,     200,     201,     242,     241,0
CQUAD4,     197,     197,     201,     202,     243,     242,0
CQUAD4,     198,     198,     202,     203,     244,     243,0
CQUAD4,     199,     199,     203,     204,     245,     244,0
CQUAD4,     200,     200,     204,     205,     246,     245,0
CQUAD4,     201,     201,     206,     207,     248,     247,0
CQUAD4,     202,     202,     207,     208,     249,     248,0
CQUAD4,     203,     203,     208,     209,     250,     249,0
CQUAD4,     204,     204,     209,     210,     251,     250,0
CQUAD4,     205,     205,     210,     211,     252,     251,0
CQUAD4,     206,     206,     211,     212,     253,     252,0
CQUAD4,     207,     207,     212,     213,     254,     253,0
CQUAD4,     208,     208,     213,     214,     255,     254,0
CQUAD4,     209,     209,     214,     215,     256,     255,0
CQUAD4,     210,     210,     215,     216,     257,     256,0
CQUAD4,     211,     211,     216,     217,     258,     257,0
CQUAD4,     212,     212,     217,     218,     259,     258,0
CQUAD4,     213,     213,     218,     219,     260,     259,0
CQUAD4,     214,     214,     219,     220,     261,     260,0
CQUAD4,     215,     215,     220,     221,     262,     261,0
CQUAD4,     216,     216,     221,     222,     263,     262,0
CQUAD4,     217,     217,     222,     223,     264,     263,0
CQUAD4,     218,     218,     223,     224,     265,     264,0
CQUAD4,     219,     219,     224,     225,     266,     265,0
CQUAD4,     220,     220,     225,     226,     267,     266,0
CQUAD4,     221,     221,     226,     227,     268,     267,0
CQUAD4,     222,     222,     227,     228,     269,     268,0
CQUAD4,     223,     223,     228,     229,     270,     269,0
CQUAD4,     224,     224,     229,     230,     271,     270,0
CQUAD4,     225,     225,     230,     231,     272,     271,0
CQUAD4,     226,     226,     231,     232,     273,     272,0
CQUAD4,     227,     227,     232,     233,     274,     273,0
CQUAD4,     228,     228,     233,     234,     275,     274,0
CQUAD4,     229,     229,     234,     235,     276,     275,0
CQUAD4,     230,     230,     235,     236,     277,     276,0
CQUAD4,     231,     231,     236,     237,     278,     277,0
CQUAD4,     232,     232,     237,     238,     279,     278,0
CQUAD4,     233,     233,     238,     239,     280,     279,0
CQUAD4,     234,     234,     239,     240,     281,     280,0
CQUAD4,     235,     235,     240,     241,     282,     281,0
CQUAD4,     236,     236,     241,     242,     283,     282,0
CQUAD4,     237,     237,     242,     243,     284,     283,0
CQUAD4,     238,     238,     243,     244,     285,     284,0
CQUAD4,     239,     239,     244,     245,     286,     285,0
CQUAD4,     240,     240,     245,     246,     287,     286,0
CQUAD4,     241,     241,     247,     248,     289,     288,0
CQUAD4,     242,     242,     248,     249,     290,     289,0
CQUAD4,     243,     243,     249,     250,     291,     290,0
CQUAD4,     244,     244,     250,     251,     292,     291,0
CQUAD4,     245,     245,     251,     252,     293,     292,0
CQUAD4,     246,     246,     252,     253,     294,     293,0
CQUAD4,     247,     247,     253,     254,     295,     294,0
CQUAD4,     248,     248,     254,     255,     296,     295,0
CQUAD4,     249,     249,     255,     256,     297,     296,0
CQUAD4,     250,     250,     256,     257,     298,     297,0
CQUAD4,     251,     251,     257,     258,     299,     298,0
CQUAD4,     252,     252,     258,     259,     300,     299,0
CQUAD4,     253,     253,     259,     260,     301,     300,0
CQUAD4,     254,     254,     260,     261,     302,     301,0
CQUAD4,     255,     255,     261,     262,     303,     302,0
CQUAD4,     256,     256,     262,     263,     304,     303,0
CQUAD4,     257,     257,     263,     264,     305,     304,0
CQUAD4,     258,     258,     264,     265,     306,     305,0
CQUAD4,     259,     259,     265,     266,     307,     306,0
CQUAD4,     260,     260,     266,     267,     308,     307,0
CQUAD4,     261,     261,     267,     268,     309,     308,0
CQUAD4,     262,     262,     268,     269,     310,     309,0
CQUAD4,     263,     263,     269,     270,     311,     310,0
CQUAD4,     264,     264,     270,     271,     312,     311,0
CQUAD4,     265,     265,     271,     272,     313,     312,0
CQUAD4,     266,     266,     272,     273,     314,     313,0
CQUAD4,     267,     267,     273,     274,     315,     314,0
CQUAD4,     268,     268,     274,     275,     316,     315,0
CQUAD4,     269,     269,     275,     276,     317,     316,0
CQUAD4,     270,     270,     276,     277,     318,     317,0
CQUAD4,     271,     271,     277,     278,     319,     318,0
CQUAD4,     272,     272,     278,     279,     320,     319,0
CQUAD4,     273,     273,     279,     280,     321,     320,0
CQUAD4,     274,     274,     280,     281,     322,     321,0
CQUAD4,     275,     275,     281,     282,     323,     322,0
CQUAD4,     276,     276,     282,     283,     324,     323,0
CQUAD4,     277,     277,     283,     284,     325,     324,0
CQUAD4,     278,     278,     284,     285,     326,     325,0
CQUAD4,     279,     279,     285,     286,     327,     326,0
CQUAD4,     280,     280,     286,     287,     328,     327,0
CQUAD4,     281,     281,     288,     289,     330,     329,0
CQUAD4,     282,     282,     289,     290,     331,     330,0
CQUAD4,     283,     283,     290,     291,     332,     331,0
CQUAD4,     284,     284,     291,     292,     333,     332,0
CQUAD4,     285,     285,     292,     293,     334,     333,0
CQUAD4,     286,     286,     293,     294,     335,     334,0
CQUAD4,     287,     287,     294,     295,     336,     335,0
CQUAD4,     288,     288,     295,     296,     337,     336,0
CQUAD4,     289,     289,     296,     297,     338,     337,0
CQUAD4,     290,     290,     297,     298,     339,     338,0
CQUAD4,     291,     291,     298,     299,     340,     339,0
CQUAD4,     292,     292,     299,     300,     341,     340,0
CQUAD4,     293,     293,     300,     301,     342,     341,0
CQUAD4,     294,     294,     301,     302,     343,     342,0
CQUAD4,     295,     295,     302,     303,     344,     343,0
CQUAD4,     296,     296,     303,     304,     345,     344,0
CQUAD4,     297,     297,     304,     305,     346,     345,0
CQUAD4,     298,     298,     305,     306,     347,     346,0
CQUAD4,     299,     299,     306,     307,     348,     347,0
CQUAD4,     300,     300,     307,     308,     349,     348,0
CQUAD4,     301,     301,     308,     309,     350,     349,0
CQUAD4,     302,     302,     309,     310,     351,     350,0
CQUAD4,     303,     303,     310,     311,     352,     351,0
CQUAD4,     304,     304,     311,     312,     353,     352,0
CQUAD4,     305,     305,     312,     313,     354,     353,0
CQUAD4,     306,     306,     313,     314,     355,     354,0
CQUAD4,     307,     307,     314,     315,     356,     355,0
CQUAD4,     308,     308,     315,     316,     357,     356,0
CQUAD4,     309,     309,     316,     317,     358,     357,0
CQUAD4,     310,     310,     317,     318,     359,     358,0
CQUAD4,     311,     311,     318,     319,     360,     359,0
CQUAD4,     312,     312,     319,     320,     361,     360,0
CQUAD4,     313,     313,     320,     321,     362,     361,0
CQUAD4,     314,     314,     321,     322,     363,     362,0
CQUAD4,     315,     315,     322,     323,     364,     363,0
CQUAD4,     316,     316,     323,     324,     365,     364,0
CQUAD4,     317,     317,     324,     325,     366,     365,0
CQUAD4,     318,     318,     325,     326,     367,     366,0
CQUAD4,     319,     319,     326,     327,     368,     367,0
CQUAD4,     320,     320,     327,     328,     369,     368,0
CQUAD4,     321,     321,     329,     330,     371,     370,0
CQUAD4,     322,     322,     330,     331,     372,     371,0
CQUAD4,     323,     323,     331,     332,     373,     372,0
CQUAD4,     324,     324,     332,     333,     374,     373,0
CQUAD4,     325,     325,     333,     334,     375,     374,0
CQUAD4,     326,     326,     334,     335,     376,     375,0
CQUAD4,     327,     327,     335,     336,     377,     376,0
CQUAD4,     328,     328,     336,     337,     378,     377,0
CQUAD4,     329,     329,     337,     338,     379,     378,0
CQUAD4,     330,     330,     338,     339,     380,     379,0
CQUAD4,     331,     331,     339,     340,     381,     380,0
CQUAD4,     332,     332,     340,     341,     382,     381,0
CQUAD4,     333,     333,     341,     342,     383,     382,0
CQUAD4,     334,     334,     342,     343,     384,     383,0
CQUAD4,     335,     335,     343,     344,     385,     384,0
CQUAD4,     336,     336,     344,     345,     386,     385,0
CQUAD4,     337,     337,     345,     346,     387,     386,0
CQUAD4,     338,     338,     346,     347,     388,     387,0
CQUAD4,     339,     339,     347,     348,     389,     388,0
CQUAD4,     340,     340,     348,     349,     390,     389,0
CQUAD4,     341,     341,     349,     350,     391,     390,0
CQUAD4,     342,     342,     350,     351,     392,     391,0
CQUAD4,     343,     343,     351,     352,     393,     392,0
CQUAD4,     344,     344,     352,     353,     394,     393,0
CQUAD4,     345,     345,     353,     354,     395,     394,0
CQUAD4,     346,     346,     354,     355,     396,     395,0
CQUAD4,     347,     347,     355,     356,     397,     396,0
CQUAD4,     348,     348,     356,     357,     398,     397,0
CQUAD4,     349,     349,     357,     358,     399,     398,0
CQUAD4,     350,     350,     358,     359,     400,     399,0
CQUAD4,     351,     351,     359,     360,     401,     400,0
CQUAD4,     352,     352,     360,     361,     402,     401,0
CQUAD4,     353,     353,     361,     362,     403,     402,0
CQUAD4,     354,     354,     362,     363,     404,     403,0
CQUAD4,     355,     355,     363,     364,     405,     404,0
CQUAD4,     356,     356,     364,     365,     406,     405,0
CQUAD4,     357,     357,     365,     366,     407,     406,0
CQUAD4,     358,     358,     366,     367,     408,     407,0
CQUAD4,     359,     359,     367,     368,     409,     408,0
CQUAD4,     360,     360,     368,     369,     410,     409,0
CQUAD4,     361,     361,     370,     371,     412,     411,0
CQUAD4,     362,     362,     371,     372,     413,     412,0
CQUAD4,     363,     363,     372,     373,     414,     413,0
CQUAD4,     364,     364,     373,     374,     415,     414,0
CQUAD4,     365,     365,     374,     375,     416,     415,0
CQUAD4,     366,     366,     375,     376,     417,     416,0
CQUAD4,     367,     367,     376,     377,     418,     417,0
CQUAD4,     368,     368,     377,     378,     419,     418,0
CQUAD4,     369,     369,     378,     379,     420,     419,0
CQUAD4,     370,     370,     379,     380,     421,     420,0
CQUAD4,     371,     371,     380,     381,     422,     421,0
CQUAD4,     372,     372,     381,     382,     423,     422,0
CQUAD4,     373,     373,     382,     383,     424,     423,0
CQUAD4,     374,     374,     383,     384,     425,     424,0
CQUAD4,     375,     375,     384,     385,     426,     425,0
CQUAD4,     376,     376,     385,     386,     427,     426,0
CQUAD4,     377,     377,     386,     387,     428,     427,0
CQUAD4,     378,     378,     387,     388,     429,     428,0
CQUAD4,     379,     379,     388,     389,     430,     429,0
CQUAD4,     380,     380,     389,     390,     431,     430,0
CQUAD4,     381,     381,     390,     391,     432,     431,0
CQUAD4,     382,     382,     391,     392,     433,     432,0
CQUAD4,     383,     383,     392,     393,     434,     433,0
CQUAD4,     384,     384,     393,     394,     435,     434,0
CQUAD4,     385,     385,     394,     395,     436,     435,0
CQUAD4,     386,     386,     395,     396,     437,     436,0
CQUAD4,     387,     387,     396,     397,     438,     437,0
CQUAD4,     388,     388,     397,     398,     439,     438,0
CQUAD4,     389,     389,     398,     399,     440,     439,0
CQUAD4,     390,     390,     399,     400,     441,     440,0
CQUAD4,     391,     391,     400,     401,     442,     441,0
CQUAD4,     392,     392,     401,     402,     443,     442,0
CQUAD4,     393,     393,     402,     403,     444,     443,0
CQUAD4,     394,     394,     403,     404,     445,     444,0
CQUAD4,     395,     395,     404,     405,     446,     445,0
CQUAD4,     396,     396,     405,     406,     447,     446,0
CQUAD4,     397,     397,     406,     407,     448,     447,0
CQUAD4,     398,     398,     407,     408,     449,     448,0
CQUAD4,     399,     399,     408,     409,     450,     449,0
CQUAD4,     400,     400,     409,     410,     451,     450,0
CQUAD4,     401,     401,     411,     412,     453,     452,0
CQUAD4,     402,     402,     412,     413,     454,     453,0
CQUAD4,     403,     403,     413,     414,     455,     454,0
CQUAD4,     404,     404,     414,     415,     456,     455,0
CQUAD4,     405,     405,     415,     416,     457,     456,0
CQUAD4,     406,     406,     416,     417,     458,     457,0
CQUAD4,     407,     407,     417,     418,     459,     458,0
CQUAD4,     408,     408,     418,     419,     460,     459,0
CQUAD4,     409,     409,     419,     420,     461,     460,0
CQUAD4,     410,     410,     420,     421,     462,     461,0
CQUAD4,     411,     411,     421,     422,     463,     462,0
CQUAD4,     412,     412,     422,     423,     464,     463,0
CQUAD4,     413,     413,     423,     424,     465,     464,0
CQUAD4,     414,     414,     424,     425,     466,     465,0
CQUAD4,     415,     415,     425,     426,     467,     466,0
CQUAD4,     416,     416,     426,     427,     468,     467,0
CQUAD4,     417,     417,     427,     428,     469,     468,0
CQUAD4,     418,     418,     428,     429,     470,     469,0
CQUAD4,     419,     419,     429,     430,     471,     470,0
CQUAD4,     420,     420,     430,     431,     472,     471,0
CQUAD4,     421,     421,     431,     432,     473,     472,0
CQUAD4,     422,     422,     432,     433,     474,     473,0
CQUAD4,     423,     423,     433,     434,     475,     474,0
CQUAD4,     424,     424,     434,     435,     476,     475,0
CQUAD4,     425,     425,     435,     436,     477,     476,0
CQUAD4,     426,     426,     436,     437,     478,     477,0
CQUAD4,     427,     427,     437,     438,     479,     478,0
CQUAD4,     428,     428,     438,     439,     480,     479,0
CQUAD4,     429,     429,     439,     440,     481,     480,0
CQUAD4,     430,     430,     440,     441,     482,     481,0
CQUAD4,     431,     431,     441,     442,     483,     482,0
CQUAD4,     432,     432,     442,     443,     484,     483,0
CQUAD4,     433,     433,     443,     444,     485,     484,0
CQUAD4,     434,     434,     444,     445,     486,     485,0
CQUAD4,     435,     435,     445,     446,     487,     486,0
CQUAD4,     436,     436,     446,     447,     488,     487,0
CQUAD4,     437,     437,     447,     448,     489,     488,0
CQUAD4,     438,     438,     448,     449,     490,     489,0
CQUAD4,     439,     439,     449,     450,     491,     490,0
CQUAD4,     440,     440,     450,     451,     492,     491,0
CQUAD4,     441,     441,     452,     453,     494,     493,0
CQUAD4,     442,     442,     453,     454,     495,     494,0
CQUAD4,     443,     443,     454,     455,     496,     495,0
CQUAD4,     444,     444,     455,     456,     497,     496,0
CQUAD4,     445,     445,     456,     457,     498,     497,0
CQUAD4,     446,     446,     457,     458,     499,     498,0
CQUAD4,     447,     447,     458,     459,     500,     499,0
CQUAD4,     448,     448,     459,     460,     501,     500,0
CQUAD4,     449,     449,     460,     461,     502,     501,0
CQUAD4,     450,     450,     461,     462,     503,     502,0
CQUAD4,     451,     451,     462,     463,     504,     503,0
CQUAD4,     452,     452,     463,     464,     505,     504,0
CQUAD4,     453,     453,     464,     465,     506,     505,0
CQUAD4,     454,     454,     465,     466,     507,     506,0
CQUAD4,     455,     455,     466,     467,     508,     507,0
CQUAD4,     456,     456,     467,     468,     509,     508,0
CQUAD4,     457,     457,     468,     469,     510,     509,0
CQUAD4,     458,     458,     469,     470,     511,     510,0
CQUAD4,     459,     459,     470,     471,     512,     511,0
CQUAD4,     460,     460,     471,     472,     513,     512,0
CQUAD4,     461,     461,     472,     473,     514,     513,0
CQUAD4,     462,     462,     473,     474,     515,     514,0
CQUAD4,     463,     463,     474,     475,     516,     515,0
CQUAD4,     464,     464,     475,     476,     517,     516,0
CQUAD4,     465,     465,     476,     477,     518,     517,0
CQUAD4,     466,     466,     477,     478,     519,     518,0
CQUAD4,     467,     467,     478,     479,     520,     519,0
CQUAD4,     468,     468,     479,     480,     521,     520,0
CQUAD4,     469,     469,     480,     481,     522,     521,0
CQUAD4,     470,     470,     481,     482,     523,     522,0
CQUAD4,     471,     471,     482,     483,     524,     523,0
CQUAD4,     472,     472,     483,     484,     525,     524,0
CQUAD4,     473,     473,     484,     485,     526,     525,0
CQUAD4,     474,     474,     485,     486,     527,     526,0
CQUAD4,     475,     475,     486,     487,     528,     527,0
CQUAD4,     476,     476,     487,     488,     529,     528,0
CQUAD4,     477,     477,     488,     489,     530,     529,0
CQUAD4,     478,     478,     489,     490,     531,     530,0
CQUAD4,     479,     479,     490,     491,     532,     531,0
CQUAD4,     480,     480,     491,     492,     533,     532,0
CQUAD4,     481,     481,     493,     494,     535,     534,0
CQUAD4,     482,     482,     494,     495,     536,     535,0
CQUAD4,     483,     483,     495,     496,     537,     536,0
CQUAD4,     484,     484,     496,     497,     538,     537,0
CQUAD4,     485,     485,     497,     498,     539,     538,0
CQUAD4,     486,     486,     498,     499,     540,     539,0
CQUAD4,     487,     487,     499,     500,     541,     540,0
CQUAD4,     488,     488,     500,     501,     542,     541,0
CQUAD4,     489,     489,     501,     502,     543,     542,0
CQUAD4,     490,     490,     502,     503,     544,     543,0
CQUAD4,     491,     491,     503,     504,     545,     544,0
CQUAD4,     492,     492,     504,     505,     546,     545,0
CQUAD4,     493,     493,     505,     506,     547,     546,0
CQUAD4,     494,     494,     506,     507,     548,     547,0
CQUAD4,     495,     495,     507,     508,     549,     548,0
CQUAD4,     496,     496,     508,     509,     550,     549,0
CQUAD4,     497,     497,     509,     510,     551,     550,0
CQUAD4,     498,     498,     510,     511,     552,     551,0
CQUAD4,     499,     499,     511,     512,     553,     552,0
CQUAD4,     500,     500,     512,     513,     554,     553,0
CQUAD4,     501,     501,     513,     514,     555,     554,0
CQUAD4,     502,     502,     514,     515,     556,     555,0
CQUAD4,     503,     503,     515,     516,     557,     556,0
CQUAD4,     504,     504,     516,     517,     558,     557,0
CQUAD4,     505,     505,     517,     518,     559,     558,0
CQUAD4,     506,     506,     518,     519,     560,     559,0
CQUAD4,     507,     507,     519,     520,     561,     560,0
CQUAD4,     508,     508,     520,     521,     562,     561,0
CQUAD4,     509,     509,     521,     522,     563,     562,0
CQUAD4,     510,     510,     522,     523,     564,     563,0
CQUAD4,     511,     511,     523,     524,     565,     564,0
CQUAD4,     512,     512,     524,     525,     566,     565,0
CQUAD4,     513,     513,     525,     526,     567,     566,0
CQUAD4,     514,     514,     526,     527,     568,     567,0
CQUAD4,     515,     515,     527,     528,     569,     568,0
CQUAD4,     516,     516,     528,     529,     570,     569,0
CQUAD4,     517,     517,     529,     530,     571,     570,0
CQUAD4,     518,     518,     530,     531,     572,     571,0
CQUAD4,     519,     519,     531,     532,     573,     572,0
CQUAD4,     520,     520,     532,     533,     574,     573,0
CQUAD4,     521,     521,     534,     535,     576,     575,0
CQUAD4,     522,     522,     535,     536,     577,     576,0
CQUAD4,     523,     523,     536,     537,     578,     577,0
CQUAD4,     524,     524,     537,     538,     579,     578,0
CQUAD4,     525,     525,     538,     539,     580,     579,0
CQUAD4,     526,     526,     539,     540,     581,     580,0
CQUAD4,     527,     527,     540,     541,     582,     581,0
CQUAD4,     528,     528,     541,     542,     583,     582,0
CQUAD4,     529,     529,     542,     543,     584,     583,0
CQUAD4,     530,     530,     543,     544,     585,     584,0
CQUAD4,     531,     531,     544,     545,     586,     585,0
CQUAD4,     532,     532,     545,     546,     587,     586,0
CQUAD4,     533,     533,     546,     547,     588,     587,0
CQUAD4,     534,     534,     547,     548,     589,     588,0
CQUAD4,     535,     535,     548,     549,     590,     589,0
CQUAD4,     536,     536,     549,     550,     591,     590,0
CQUAD4,     537,     537,     550,     551,     592,     591,0
CQUAD4,     538,     538,     551,     552,     593,     592,0
CQUAD4,     539,     539,     552,     553,     594,     593,0
CQUAD4,     540,     540,     553,     554,     595,     594,0
CQUAD4,     541,     541,     554,     555,     596,     595,0
CQUAD4,     542,     542,     555,     556,     597,     596,0
CQUAD4,     543,     543,     556,     557,     598,     597,0
CQUAD4,     544,     544,     557,     558,     599,     598,0
CQUAD4,     545,     545,     558,     559,     600,     599,0
CQUAD4,     546,     546,     559,     560,     601,     600,0
CQUAD4,     547,     547,     560,     561,     602,     601,0
CQUAD4,     548,     548,     561,     562,     603,     602,0
CQUAD4,     549,     549,     562,     563,     604,     603,0
CQUAD4,     550,     550,     563,     564,     605,     604,0
CQUAD4,     551,     551,     564,     565,     606,     605,0
CQUAD4,     552,     552,     565,     566,     607,     606,0
CQUAD4,     553,     553,     566,     567,     608,     607,0
CQUAD4,     554,     554,     567,     568,     609,     608,0
CQUAD4,     555,     555,     568,     569,     610,     609,0
CQUAD4,     556,     556,     569,     570,     611,     610,0
CQUAD4,     557,     557,     570,     571,     612,     611,0
CQUAD4,     558,     558,     571,     572,     613,     612,0
CQUAD4,     559,     559,     572,     573,     614,     613,0
CQUAD4,     560,     560,     573,     574,     615,     614,0
CQUAD4,     561,     561,     575,     576,     617,     616,0
CQUAD4,     562,     562,     576,     577,     618,     617,0
CQUAD4,     563,     563,     577,     578,     619,     618,0
CQUAD4,     564,     564,     578,     579,     620,     619,0
CQUAD4,     565,     565,     579,     580,     621,     620,0
CQUAD4,     566,     566,     580,     581,     622,     621,0
CQUAD4,     567,     567,     581,     582,     623,     622,0
CQUAD4,     568,     568,     582,     583,     624,     623,0
CQUAD4,     569,     569,     583,     584,     625,     624,0
CQUAD4,     570,     570,     584,     585,     626,     625,0
CQUAD4,     571,     571,     585,     586,     627,     626,0
CQUAD4,     572,     572,     586,     587,     628,     627,0
CQUAD4,     573,     573,     587,     588,     629,     628,0
CQUAD4,     574,     574,     588,     589,     630,     629,0
CQUAD4,     575,     575,     589,     590,     631,     630,0
CQUAD4,     576,     576,     590,     591,     632,     631,0
CQUAD4,     577,     577,     591,     592,     633,     632,0
CQUAD4,     578,     578,     592,     593,     634,     633,0
CQUAD4,     579,     579,     593,     594,     635,     634,0
CQUAD4,     580,     580,     594,     595,     636,     635,0
CQUAD4,     581,     581,     595,     596,     637,     636,0
CQUAD4,     582,     582,     596,     597,     638,     637,0
CQUAD4,     583,     583,     597,     598,     639,     638,0
CQUAD4,     584,     584,     598,     599,     640,     639,0
CQUAD4,     585,     585,     599,     600,     641,     640,0
CQUAD4,     586,     586,     600,     601,     642,     641,0
CQUAD4,     587,     587,     601,     602,     643,     642,0
CQUAD4,     588,     588,     602,     603,     644,     643,0
CQUAD4,     589,     589,     603,     604,     645,     644,0
CQUAD4,     590,     590,     604,     605,     646,     645,0
CQUAD4,     591,     591,     605,     606,     647,     646,0
CQUAD4,     592,     592,     606,     607,     648,     647,0
CQUAD4,     593,     593,     607,     608,     649,     648,0
CQUAD4,     594,     594,     608,     609,     650,     649,0
CQUAD4,     595,     595,     609,     610,     651,     650,0
CQUAD4,     596,     596,     610,     611,     652,     651,0
CQUAD4,     597,     597,     611,     612,     653,     652,0
CQUAD4,     598,     598,     612,     613,     654,     653,0
CQUAD4,     599,     599,     613,     614,     655,     654,0
CQUAD4,     600,     600,     614,     615,     656,     655,0
CQUAD4,     601,     601,     616,     617,     658,     657,0
CQUAD4,     602,     602,     617,     618,     659,     658,0
CQUAD4,     603,     603,     618,     619,     660,     659,0
CQUAD4,     604,     604,     619,     620,     661,     660,0
CQUAD4,     605,     605,     620,     621,     662,     661,0
CQUAD4,     606,     606,     621,     622,     663,     662,0
CQUAD4,     607,     607,     622,     623,     664,     663,0
CQUAD4,     608,     608,     623,     624,     665,     664,0
CQUAD4,     609,     609,     624,     625,     666,     665,0
CQUAD4,     610,     610,     625,     626,     667,     666,0
CQUAD4,     611,     611,     626,     627,     668,     667,0
CQUAD4,     612,     612,     627,     628,     669,     668,0
CQUAD4,     613,     613,     628,     629,     670,     669,0
CQUAD4,     614,     614,     629,     630,     671,     670,0
CQUAD4,     615,     615,     630,     631,     672,     671,0
CQUAD4,     616,     616,     631,     632,     673,     672,0
CQUAD4,     617,     617,     632,     633,     674,     673,0
CQUAD4,     618,     618,     633,     634,     675,     674,0
CQUAD4,     619,     619,     634,     635,     676,     675,0
CQUAD4,     620,     620,     635,     636,     677,     676,0
CQUAD4,     621,     621,     636,     637,     678,     677,0
CQUAD4,     622,     622,     637,     638,     679,     678,0
CQUAD4,     623,     623,     638,     639,     680,     679,0
CQUAD4,     624,     624,     639,     640,     681,     680,0
CQUAD4,     625,     625,     640,     641,     682,     681,0
CQUAD4,     626,     626,     641,     642,     683,     682,0
CQUAD4,     627,     627,     642,     643,     684,     683,0
CQUAD4,     628,     628,     643,     644,     685,     684,0
CQUAD4,     629,     629,     644,     645,     686,     685,0
CQUAD4,     630,     630,     645,     646,     687,     686,0
CQUAD4,     631,     631,     646,     647,     688,     687,0
CQUAD4,     632,     632,     647,     648,     689,     688,0
CQUAD4,     633,     633,     648,     649,     690,     689,0
CQUAD4,     634,     634,     649,     650,     691,     690,0
CQUAD4,     635,     635,     650,     651,     692,     691,0
CQUAD4,     636,     636,     651,     652,     693,     692,0
CQUAD4,     637,     637,     652,     653,     694,     693,0
CQUAD4,     638,     638,     653,     654,     695,     694,0
CQUAD4,     639,     639,     654,     655,     696,     695,0
CQUAD4,     640,     640,     655,     656,     697,     696,0
CQUAD4,     641,     641,     657,     658,     699,     698,0
CQUAD4,     642,     642,     658,     659,     700,     699,0
CQUAD4,     643,     643,     659,     660,     701,     700,0
CQUAD4,     644,     644,     660,     661,     702,     701,0
CQUAD4,     645,     645,     661,     662,     703,     702,0
CQUAD4,     646,     646,     662,     663,     704,     703,0
CQUAD4,     647,     647,     663,     664,     705,     704,0
CQUAD4,     648,     648,     664,     665,     706,     705,0
CQUAD4,     649,     649,     665,     666,     707,     706,0
CQUAD4,     650,     650,     666,     667,     708,     707,0
CQUAD4,     651,     651,     667,     668,     709,     708,0
CQUAD4,     652,     652,     668,     669,     710,     709,0
CQUAD4,     653,     653,     669,     670,     711,     710,0
CQUAD4,     654,     654,     670,     671,     712,     711,0
CQUAD4,     655,     655,     671,     672,     713,     712,0
CQUAD4,     656,     656,     672,     673,     714,     713,0
CQUAD4,     657,     657,     673,     674,     715,     714,0
CQUAD4,     658,     658,     674,     675,     716,     715,0
CQUAD4,     659,     659,     675,     676,     717,     716,0
CQUAD4,     660,     660,     676,     677,     718,     717,0
CQUAD4,     661,     661,     677,     678,     719,     718,0
CQUAD4,     662,     662,     678,     679,     720,     719,0
CQUAD4,     663,     663,     679,     680,     721,     720,0
CQUAD4,     664,     664,     680,     681,     722,     721,0
CQUAD4,     665,     665,     681,     682,     723,     722,0
CQUAD4,     666,     666,     682,     683,     724,     723,0
CQUAD4,     667,     667,     683,     684,     725,     724,0
CQUAD4,     668,     668,     684,     685,     726,     725,0
CQUAD4,     669,     669,     685,     686,     727,     726,0
CQUAD4,     670,     670,     686,     687,     728,     727,0
CQUAD4,     671,     671,     687,     688,     729,     728,0
CQUAD4,     672,     672,     688,     689,     730,     729,0
CQUAD4,     673,     673,     689,     690,     731,     730,0
CQUAD4,     674,     674,     690,     691,     732,     731,0
CQUAD4,     675,     675,     691,     692,     733,     732,0
CQUAD4,     676,     676,     692,     693,     734,     733,0
CQUAD4,     677,     677,     693,     694,     735,     734,0
CQUAD4,     678,     678,     694,     695,     736,     735,0
CQUAD4,     679,     679,     695,     696,     737,     736,0
CQUAD4,     680,     680,     696,     697,     738,     737,0
CQUAD4,     681,     681,     698,     699,     740,     739,0
CQUAD4,     682,     682,     699,     700,     741,     740,0
CQUAD4,     683,     683,     700,     701,     742,     741,0
CQUAD4,     684,     684,     701,     702,     743,     742,0
CQUAD4,     685,     685,     702,     703,     744,     743,0
CQUAD4,     686,     686,     703,     704,     745,     744,0
CQUAD4,     687,     687,     704,     705,     746,     745,0
CQUAD4,     688,     688,     705,     706,     747,     746,0
CQUAD4,     689,     689,     706,     707,     748,     747,0
CQUAD4,     690,     690,     707,     708,     749,     748,0
CQUAD4,     691,     691,     708,     709,     750,     749,0
CQUAD4,     692,     692,     709,     710,     751,     750,0
CQUAD4,     693,     693,     710,     711,     752,     751,0
CQUAD4,     694,     694,     711,     712,     753,     752,0
CQUAD4,     695,     695,     712,     713,     754,     753,0
CQUAD4,     696,     696,     713,     714,     755,     754,0
CQUAD4,     697,     697,     714,     715,     756,     755,0
CQUAD4,     698,     698,     715,     716,     757,     756,0
CQUAD4,     699,     699,     716,     717,     758,     757,0
CQUAD4,     700,     700,     717,     718,     759,     758,0
CQUAD4,     701,     701,     718,     719,     760,     759,0
CQUAD4,     702,     702,     719,     720,     761,     760,0
CQUAD4,     703,     703,     720,     721,     762,     761,0
CQUAD4,     704,     704,     721,     722,     763,     762,0
CQUAD4,     705,     705,     722,     723,     764,     763,0
CQUAD4,     706,     706,     723,     724,     765,     764,0
CQUAD4,     707,     707,     724,     725,     766,     765,0
CQUAD4,     708,     708,     725,     726,     767,     766,0
CQUAD4,     709,     709,     726,     727,     768,     767,0
CQUAD4,     710,     710,     727,     728,     769,     768,0
CQUAD4,     711,     711,     728,     729,     770,     769,0
CQUAD4,     712,     712,     729,     730,     771,     770,0
CQUAD4,     713,     713,     730,     731,     772,     771,0
CQUAD4,     714,     714,     731,     732,     773,     772,0
CQUAD4,     715,     715,     732,     733,     774,     773,0
CQUAD4,     716,     716,     733,     734,     775,     774,0
CQUAD4,     717,     717,     734,     735,     776,     775,0
CQUAD4,     718,     718,     735,     736,     777,     776,0
CQUAD4,     719,     719,     736,     737,     778,     777,0
CQUAD4,     720,     720,     737,     738,     779,     778,0
CQUAD4,     721,     721,     739,     740,     781,     780,0
CQUAD4,     722,     722,     740,     741,     782,     781,0
CQUAD4,     723,     723,     741,     742,     783,     782,0
CQUAD4,     724,     724,     742,     743,     784,     783,0
CQUAD4,     725,     725,     743,     744,     785,     784,0
CQUAD4,     726,     726,     744,     745,     786,     785,0
CQUAD4,     727,     727,     745,     746,     787,     786,0
CQUAD4,     728,     728,     746,     747,     788,     787,0
CQUAD4,     729,     729,     747,     748,     789,     788,0
CQUAD4,     730,     730,     748,     749,     790,     789,0
CQUAD4,     731,     731,     749,     750,     791,     790,0
CQUAD4,     732,     732,     750,     751,     792,     791,0
CQUAD4,     733,     733,     751,     752,     793,     792,0
CQUAD4,     734,     734,     752,     753,     794,     793,0
CQUAD4,     735,     735,     753,     754,     795,     794,0
CQUAD4,     736,     736,     754,     755,     796,     795,0
CQUAD4,     737,     737,     755,     756,     797,     796,0
CQUAD4,     738,     738,     756,     757,     798,     797,0
CQUAD4,     739,     739,     757,     758,     799,     798,0
CQUAD4,     740,     740,     758,     759,     800,     799,0
CQUAD4,     741,     741,     759,     760,     801,     800,0
CQUAD4,     742,     742,     760,     761,     802,     801,0
CQUAD4,     743,     743,     761,     762,     803,     802,0
CQUAD4,     744,     744,     762,     763,     804,     803,0
CQUAD4,     745,     745,     763,     764,     805,     804,0
CQUAD4,     746,     746,     764,     765,     806,     805,0
CQUAD4,     747,     747,     765,     766,     807,     806,0
CQUAD4,     748,     748,     766,     767,     808,     807,0
CQUAD4,     749,     749,     767,     768,     809,     808,0
CQUAD4,     750,     750,     768,     769,     810,     809,0
CQUAD4,     751,     751,     769,     770,     811,     810,0
CQUAD4,     752,     752,     770,     771,     812,     811,0
CQUAD4,     753,     753,     771,     772,     813,     812,0
CQUAD4,     754,     754,     772,     773,     814,     813,0
CQUAD4,     755,     755,     773,     774,     815,     814,0
CQUAD4,     756,     756,     774,     775,     816,     815,0
CQUAD4,     757,     757,     775,     776,     817,     816,0
CQUAD4,     758,     758,     776,     777,     818,     817,0
CQUAD4,     759,     759,     777,     778,     819,     818,0
CQUAD4,     760,     760,     778,     779,     820,     819,0
CQUAD4,     761,     761,     780,     781,     822,     821,0
CQUAD4,     762,     762,     781,     782,     823,     822,0
CQUAD4,     763,     763,     782,     783,     824,     823,0
CQUAD4,     764,     764,     783,     784,     825,     824,0
CQUAD4,     765,     765,     784,     785,     826,     825,0
CQUAD4,     766,     766,     785,     786,     827,     826,0
CQUAD4,     767,     767,     786,     787,     828,     827,0
CQUAD4,     768,     768,     787,     788,     829,     828,0
CQUAD4,     769,     769,     788,     789,     830,     829,0
CQUAD4,     770,     770,     789,     790,     831,     830,0
CQUAD4,     771,     771,     790,     791,     832,     831,0
CQUAD4,     772,     772,     791,     792,     833,     832,0
CQUAD4,     773,     773,     792,     793,     834,     833,0
CQUAD4,     774,     774,     793,     794,     835,     834,0
CQUAD4,     775,     775,     794,     795,     836,     835,0
CQUAD4,     776,     776,     795,     796,     837,     836,0
CQUAD4,     777,     777,     796,     797,     838,     837,0
CQUAD4,     778,     778,     797,     798,     839,     838,0
CQUAD4,     779,     779,     798,     799,     840,     839,0
CQUAD4,     780,     780,     799,     800,     841,     840,0
CQUAD4,     781,     781,     800,     801,     842,     841,0
CQUAD4,     782,     782,     801,     802,     843,     842,0
CQUAD4,     783,     783,     802,     803,     844,     843,0
CQUAD4,     784,     784,     803,     804,     845,     844,0
CQUAD4,     785,     785,     804,     805,     846,     845,0
CQUAD4,     786,     786,     805,     806,     847,     846,0
CQUAD4,     787,     787,     806,     807,     848,     847,0
CQUAD4,     788,     788,     807,     808,     849,     848,0
CQUAD4,     789,     789,     808,     809,     850,     849,0
CQUAD4,     790,     790,     809,     810,     851,     850,0
CQUAD4,     791,     791,     810,     811,     852,     851,0
CQUAD4,     792,     792,     811,     812,     853,     852,0
CQUAD4,     793,     793,     812,     813,     854,     853,0
CQUAD4,     794,     794,     813,     814,     855,     854,0
CQUAD4,     795,     795,     814,     815,     856,     855,0
CQUAD4,     796,     796,     815,     816,     857,     856,0
CQUAD4,     797,     797,     816,     817,     858,     857,0
CQUAD4,     798,     798,     817,     818,     859,     858,0
CQUAD4,     799,     799,     818,     819,     860,     859,0
CQUAD4,     800,     800,     819,     820,     861,     860,0
CQUAD4,     801,     801,     821,     822,     863,     862,0
CQUAD4,     802,     802,     822,     823,     864,     863,0
CQUAD4,     803,     803,     823,     824,     865,     864,0
CQUAD4,     804,     804,     824,     825,     866,     865,0
CQUAD4,     805,     805,     825,     826,     867,     866,0
CQUAD4,     806,     806,     826,     827,     868,     867,0
CQUAD4,     807,     807,     827,     828,     869,     868,0
CQUAD4,     808,     808,     828,     829,     870,     869,0
CQUAD4,     809,     809,     829,     830,     871,     870,0
CQUAD4,     810,     810,     830,     831,     872,     871,0
CQUAD4,     811,     811,     831,     832,     873,     872,0
CQUAD4,     812,     812,     832,     833,     874,     873,0
CQUAD4,     813,     813,     833,     834,     875,     874,0
CQUAD4,     814,     814,     834,     835,     876,     875,0
CQUAD4,     815,     815,     835,     836,     877,     876,0
CQUAD4,     816,     816,     836,     837,     878,     877,0
CQUAD4,     817,     817,     837,     838,     879,     878,0
CQUAD4,     818,     818,     838,     839,     880,     879,0
CQUAD4,     819,     819,     839,     840,     881,     880,0
CQUAD4,     820,     820,     840,     841,     882,     881,0
CQUAD4,     821,     821,     841,     842,     883,     882,0
CQUAD4,     822,     822,     842,     843,     884,     883,0
CQUAD4,     823,     823,     843,     844,     885,     884,0
CQUAD4,     824,     824,     844,     845,     886,     885,0
CQUAD4,     825,     825,     845,     846,     887,     886,0
CQUAD4,     826,     826,     846,     847,     888,     887,0
CQUAD4,     827,     827,     847,     848,     889,     888,0
CQUAD4,     828,     828,     848,     849,     890,     889,0
CQUAD4,     829,     829,     849,     850,     891,     890,0
CQUAD4,     830,     830,     850,     851,     892,     891,0
CQUAD4,     831,     831,     851,     852,     893,     892,0
CQUAD4,     832,     832,     852,     853,     894,     893,0
CQUAD4,     833,     833,     853,     854,     895,     894,0
CQUAD4,     834,     834,     854,     855,     896,     895,0
CQUAD4,     835,     835,     855,     856,     897,     896,0
CQUAD4,     836,     836,     856,     857,     898,     897,0
CQUAD4,     837,     837,     857,     858,     899,     898,0
CQUAD4,     838,     838,     858,     859,     900,     899,0
CQUAD4,     839,     839,     859,     860,     901,     900,0
CQUAD4,     840,     840,     860,     861,     902,     901,0
CQUAD4,     841,     841,     862,     863,     904,     903,0
CQUAD4,     842,     842,     863,     864,     905,     904,0
CQUAD4,     843,     843,     864,     865,     906,     905,0
CQUAD4,     844,     844,     865,     866,     907,     906,0
CQUAD4,     845,     845,     866,     867,     908,     907,0
CQUAD4,     846,     846,     867,     868,     909,     908,0
CQUAD4,     847,     847,     868,     869,     910,     909,0
CQUAD4,     848,     848,     869,     870,     911,     910,0
CQUAD4,     849,     849,     870,     871,     912,     911,0
CQUAD4,     850,     850,     871,     872,     913,     912,0
CQUAD4,     851,     851,     872,     873,     914,     913,0
CQUAD4,     852,     852,     873,     874,     915,     914,0
CQUAD4,     853,     853,     874,     875,     916,     915,0
CQUAD4,     854,     854,     875,     876,     917,     916,0
CQUAD4,     855,     855,     876,     877,     918,     917,0
CQUAD4,     856,     856,     877,     878,     919,     918,0
CQUAD4,     857,     857,     878,     879,     920,     919,0
CQUAD4,     858,     858,     879,     880,     921,     920,0
CQUAD4,     859,     859,     880,     881,     922,     921,0
CQUAD4,     860,     860,     881,     882,     923,     922,0
CQUAD4,     861,     861,     882,     883,     924,     923,0
CQUAD4,     862,     862,     883,     884,     925,     924,0
CQUAD4,     863,     863,     884,     885,     926,     925,0
CQUAD4,     864,     864,     885,     886,     927,     926,0
CQUAD4,     865,     865,     886,     887,     928,     927,0
CQUAD4,     866,     866,     887,     888,     929,     928,0
CQUAD4,     867,     867,     888,     889,     930,     929,0
CQUAD4,     868,     868,     889,     890,     931,     930,0
CQUAD4,     869,     869,     890,     891,     932,     931,0
CQUAD4,     870,     870,     891,     892,     933,     932,0
CQUAD4,     871,     871,     892,     893,     934,     933,0
CQUAD4,     872,     872,     893,     894,     935,     934,0
CQUAD4,     873,     873,     894,     895,     936,     935,0
CQUAD4,     874,     874,     895,     896,     937,     936,0
CQUAD4,     875,     875,     896,     897,     938,     937,0
CQUAD4,     876,     876,     897,     898,     939,     938,0
CQUAD4,     877,     877,     898,     899,     940,     939,0
CQUAD4,     878,     878,     899,     900,     941,     940,0
CQUAD4,     879,     879,     900,     901,     942,     941,0
CQUAD4,     880,     880,     901,     902,     943,     942,0
CQUAD4,     881,     881,     903,     904,     945,     944,0
CQUAD4,     882,     882,     904,     905,     946,     945,0
CQUAD4,     883,     883,     905,     906,     947,     946,0
CQUAD4,     884,     884,     906,     907,     948,     947,0
CQUAD4,     885,     885,     907,     908,     949,     948,0
CQUAD4,     886,     886,     908,     909,     950,     949,0
CQUAD4,     887,     887,     909,     910,     951,     950,0
CQUAD4,     888,     888,     910,     911,     952,     951,0
CQUAD4,     889,     889,     911,     912,     953,     952,0
CQUAD4,     890,     890,     912,     913,     954,     953,0
CQUAD4,     891,     891,     913,     914,     955,     954,0
CQUAD4,     892,     892,     914,     915,     956,     955,0
CQUAD4,     893,     893,     915,     916,     957,     956,0
CQUAD4,     894,     894,     916,     917,     958,     957,0
CQUAD4,     895,     895,     917,     918,     959,     958,0
CQUAD4,     896,     896,     918,     919,     960,     959,0
CQUAD4,     897,     897,     919,     920,     961,     960,0
CQUAD4,     898,     898,     920,     921,     962,     961,0
CQUAD4,     899,     899,     921,     922,     963,     962,0
CQUAD4,     900,     900,     922,     923,     964,     963,0
CQUAD4,     901,     901,     923,     924,     965,     964,0
CQUAD4,     902,     902,     924,     925,     966,     965,0
CQUAD4,     903,     903,     925,     926,     967,     966,0
CQUAD4,     904,     904,     926,     927,     968,     967,0
CQUAD4,     905,     905,     927,     928,     969,     968,0
CQUAD4,     906,     906,     928,     929,     970,     969,0
CQUAD4,     907,     907,     929,     930,     971,     970,0
CQUAD4,     908,     908,     930,     931,     972,     971,0
CQUAD4,     909,     909,     931,     932,     973,     972,0
CQUAD4,     910,     910,     932,     933,     974,     973,0
CQUAD4,     911,     911,     933,     934,     975,     974,0
CQUAD4,     912,     912,     934,     935,     976,     975,0
CQUAD4,     913,     913,     935,     936,     977,     976,0
CQUAD4,     914,     914,     936,     937,     978,     977,0
CQUAD4,     915,     915,     937,     938,     979,     978,0
CQUAD4,     916,     916,     938,     939,     980,     979,0
CQUAD4,     917,     917,     939,     940,     981,     980,0
CQUAD4,     918,     918,     940,     941,     982,     981,0
CQUAD4,     919,     919,     941,     942,     983,     982,0
CQUAD4,     920,     920,     942,     943,     984,     983,0
CQUAD4,     921,     921,     944,     945,     986,     985,0
CQUAD4,     922,     922,     945,     946,     987,     986,0
CQUAD4,     923,     923,     946,     947,     988,     987,0
CQUAD4,     924,     924,     947,     948,     989,     988,0
CQUAD4,     925,     925,     948,     949,     990,     989,0
CQUAD4,     926,     926,     949,     950,     991,     990,0
CQUAD4,     927,     927,     950,     951,     992,     991,0
CQUAD4,     928,     928,     951,     952,     993,     992,0
CQUAD4,     929,     929,     952,     953,     994,     993,0
CQUAD4,     930,     930,     953,     954,     995,     994,0
CQUAD4,     931,     931,     954,     955,     996,     995,0
CQUAD4,     932,     932,     955,     956,     997,     996,0
CQUAD4,     933,     933,     956,     957,     998,     997,0
CQUAD4,     934,     934,     957,     958,     999,     998,0
CQUAD4,     935,     935,     958,     959,    1000,     999,0
CQUAD4,     936,     936,     959,     960,    1001,    1000,0
CQUAD4,     937,     937,     960,     961,    1002,    1001,0
CQUAD4,     938,     938,     961,     962,    1003,    1002,0
CQUAD4,     939,     939,     962,     963,    1004,    1003,0
CQUAD4,     940,     940,     963,     964,    1005,    1004,0
CQUAD4,     941,     941,     964,     965,    1006,    1005,0
CQUAD4,     942,     942,     965,     966,    1007,    1006,0
CQUAD4,     943,     943,     966,     967,    1008,    1007,0
CQUAD4,     944,     944,     967,     968,    1009,    1008,0
CQUAD4,     945,     945,     968,     969,    1010,    1009,0
CQUAD4,     946,     946,     969,     970,    1011,    1010,0
CQUAD4,     947,     947,     970,     971,    1012,    1011,0
CQUAD4,     948,     948,     971,     972,    1013,    1012,0
CQUAD4,     949,     949,     972,     973,    1014,    1013,0
CQUAD4,     950,     950,     973,     974,    1015,    1014,0
CQUAD4,     951,     951,     974,     975,    1016,    1015,0
CQUAD4,     952,     952,     975,     976,    1017,    1016,0
CQUAD4,     953,     953,     976,     977,    1018,    1017,0
CQUAD4,     954,     954,     977,     978,    1019,    1018,0
CQUAD4,     955,     955,     978,     979,    1020,    1019,0
CQUAD4,     956,     956,     979,     980,    1021,    1020,0
CQUAD4,     957,     957,     980,     981,    1022,    1021,0
CQUAD4,     958,     958,     981,     982,    1023,    1022,0
CQUAD4,     959,     959,     982,     983,    1024,    1023,0
CQUAD4,     960,     960,     983,     984,    1025,    1024,0
CQUAD4,     961,     961,     985,     986,    1027,    1026,0
CQUAD4,     962,     962,     986,     987,    1028,    1027,0
CQUAD4,     963,     963,     987,     988,    1029,    1028,0
CQUAD4,     964,     964,     988,     989,    1030,    1029,0
CQUAD4,     965,     965,     989,     990,    1031,    1030,0
CQUAD4,     966,     966,     990,     991,    1032,    1031,0
CQUAD4,     967,     967,     991,     992,    1033,    1032,0
CQUAD4,     968,     968,     992,     993,    1034,    1033,0
CQUAD4,     969,     969,     993,     994,    1035,    1034,0
CQUAD4,     970,     970,     994,     995,    1036,    1035,0
CQUAD4,     971,     971,     995,     996,    1037,    1036,0
CQUAD4,     972,     972,     996,     997,    1038,    1037,0
CQUAD4,     973,     973,     997,     998,    1039,    1038,0
CQUAD4,     974,     974,     998,     999,    1040,    1039,0
CQUAD4,     975,     975,     999,    1000,    1041,    1040,0
CQUAD4,     976,     976,    1000,    1001,    1042,    1041,0
CQUAD4,     977,     977,    1001,    1002,    1043,    1042,0
CQUAD4,     978,     978,    1002,    1003,    1044,    1043,0
CQUAD4,     979,     979,    1003,    1004,    1045,    1044,0
CQUAD4,     980,     980,    1004,    1005,    1046,    1045,0
CQUAD4,     981,     981,    1005,    1006,    1047,    1046,0
CQUAD4,     982,     982,    1006,    1007,    1048,    1047,0
CQUAD4,     983,     983,    1007,    1008,    1049,    1048,0
CQUAD4,     984,     984,    1008,    1009,    1050,    1049,0
CQUAD4,     985,     985,    1009,    1010,    1051,    1050,0
CQUAD4,     986,     986,    1010,    1011,    1052,    1051,0
CQUAD4,     987,     987,    1011,    1012,    1053,    1052,0
CQUAD4,     988,     988,    1012,    1013,    1054,    1053,0
CQUAD4,     989,     989,    1013,    1014,    1055,    1054,0
CQUAD4,     990,     990,    1014,    1015,    1056,    1055,0
CQUAD4,     991,     991,    1015,    1016,    1057,    1056,0
CQUAD4,     992,     992,    1016,    1017,    1058,    1057,0
CQUAD4,     993,     993,    1017,    1018,    1059,    1058,0
CQUAD4,     994,     994,    1018,    1019,    1060,    1059,0
CQUAD4,     995,     995,    1019,    1020,    1061,    1060,0
CQUAD4,     996,     996,    1020,    1021,    1062,    1061,0
CQUAD4,     997,     997,    1021,    1022,    1063,    1062,0
CQUAD4,     998,     998,    1022,    1023,    1064,    1063,0
CQUAD4,     999,     999,    1023,    1024,    1065,    1064,0
CQUAD4,    1000,    1000,    1024,    1025,    1066,    1065,0
CQUAD4,    1001,    1001,    1026,    1027,    1068,    1067,0
CQUAD4,    1002,    1002,    1027,    1028,    1069,    1068,0
CQUAD4,    1003,    1003,    1028,    1029,    1070,    1069,0
CQUAD4,    1004,    1004,    1029,    1030,    1071,    1070,0
CQUAD4,    1005,    1005,    1030,    1031,    1072,    1071,0
CQUAD4,    1006,    1006,    1031,    1032,    1073,    1072,0
CQUAD4,    1007,    1007,    1032,    1033,    1074,    1073,0
CQUAD4,    1008,    1008,    1033,    1034,    1075,    1074,0
CQUAD4,    1009,    1009,    1034,    1035,    1076,    1075,0
CQUAD4,    1010,    1010,    1035,    1036,    1077,    1076,0
CQUAD4,    1011,    1011,    1036,    1037,    1078,    1077,0
CQUAD4,    1012,    1012,    1037,    1038,    1079,    1078,0
CQUAD4,    1013,    1013,    1038,    1039,    1080,    1079,0
CQUAD4,    1014,    1014,    1039,    1040,    1081,    1080,0
CQUAD4,    1015,    1015,    1040,    1041,    1082,    1081,0
CQUAD4,    1016,    1016,    1041,    1042,    1083,    1082,0
CQUAD4,    1017,    1017,    1042,    1043,    1084,    1083,0
CQUAD4,    1018,    1018,    1043,    1044,    1085,    1084,0
CQUAD4,    1019,    1019,    1044,    1045,    1086,    1085,0
CQUAD4,    1020,    1020,    1045,    1046,    1087,    1086,0
CQUAD4,    1021,    1021,    1046,    1047,    1088,    1087,0
CQUAD4,    1022,    1022,    1047,    1048,    1089,    1088,0
CQUAD4,    1023,    1023,    1048,    1049,    1090,    1089,0
CQUAD4,    1024,    1024,    1049,    1050,    1091,    1090,0
CQUAD4,    1025,    1025,    1050,    1051,    1092,    1091,0
CQUAD4,    1026,    1026,    1051,    1052,    1093,    1092,0
CQUAD4,    1027,    1027,    1052,    1053,    1094,    1093,0
CQUAD4,    1028,    1028,    1053,    1054,    1095,    1094,0
CQUAD4,    1029,    1029,    1054,    1055,    1096,    1095,0
CQUAD4,    1030,    1030,    1055,    1056,    1097,    1096,0
CQUAD4,    1031,    1031,    1056,    1057,    1098,    1097,0
CQUAD4,    1032,    1032,    1057,    1058,    1099,    1098,0
CQUAD4,    1033,    1033,    1058,    1059,    1100,    1099,0
CQUAD4,    1034,    1034,    1059,    1060,    1101,    1100,0
CQUAD4,    1035,    1035,    1060,    1061,    1102,    1101,0
CQUAD4,    1036,    1036,    1061,    1062,    1103,    1102,0
CQUAD4,    1037,    1037,    1062,    1063,    1104,    1103,0
CQUAD4,    1038,    1038,    1063,    1064,    1105,    1104,0
CQUAD4,    1039,    1039,    1064,    1065,    1106,    1105,0
CQUAD4,    1040,    1040,    1065,    1066,    1107,    1106,0
CQUAD4,    1041,    1041,    1067,    1068,    1109,    1108,0
CQUAD4,    1042,    1042,    1068,    1069,    1110,    1109,0
CQUAD4,    1043,    1043,    1069,    1070,    1111,    1110,0
CQUAD4,    1044,    1044,    1070,    1071,    1112,    1111,0
CQUAD4,    1045,    1045,    1071,    1072,    1113,    1112,0
CQUAD4,    1046,    1046,    1072,    1073,    1114,    1113,0
CQUAD4,    1047,    1047,    1073,    1074,    1115,    1114,0
CQUAD4,    1048,    1048,    1074,    1075,    1116,    1115,0
CQUAD4,    1049,    1049,    1075,    1076,    1117,    1116,0
CQUAD4,    1050,    1050,    1076,    1077,    1118,    1117,0
CQUAD4,    1051,    1051,    1077,    1078,    1119,    1118,0
CQUAD4,    1052,    1052,    1078,    1079,    1120,    1119,0
CQUAD4,    1053,    1053,    1079,    1080,    1121,    1120,0
CQUAD4,    1054,    1054,    1080,    1081,    1122,    1121,0
CQUAD4,    1055,    1055,    1081,    1082,    1123,    1122,0
CQUAD4,    1056,    1056,    1082,    1083,    1124,    1123,0
CQUAD4,    1057,    1057,    1083,    1084,    1125,    1124,0
CQUAD4,    1058,    1058,    1084,    1085,    1126,    1125,0
CQUAD4,    1059,    1059,    1085,    1086,    1127,    1126,0
CQUAD4,    1060,    1060,    1086,    1087,    1128,    1127,0
CQUAD4,    1061,    1061,    1087,    1088,    1129,    1128,0
CQUAD4,    1062,    1062,    1088,    1089,    1130,    1129,0
CQUAD4,    1063,    1063,    1089,    1090,    1131,    1130,0
CQUAD4,    1064,    1064,    1090,    1091,    1132,    1131,0
CQUAD4,    1065,    1065,    1091,    1092,    1133,    1132,0
CQUAD4,    1066,    1066,    1092,    1093,    1134,    1133,0
CQUAD4,    1067,    1067,    1093,    1094,    1135,    1134,0
CQUAD4,    1068,    1068,    1094,    1095,    1136,    1135,0
CQUAD4,    1069,    1069,    1095,    1096,    1137,    1136,0
CQUAD4,    1070,    1070,    1096,    1097,    1138,    1137,0
CQUAD4,    1071,    1071,    1097,    1098,    1139,    1138,0
CQUAD4,    1072,    1072,    1098,    1099,    1140,    1139,0
CQUAD4,    1073,    1073,    1099,    1100,    1141,    1140,0
CQUAD4,    1074,    1074,    1100,    1101,    1142,    1141,0
CQUAD4,    1075,    1075,    1101,    1102,    1143,    1142,0
CQUAD4,    1076,    1076,    1102,    1103,    1144,    1143,0
CQUAD4,    1077,    1077,    1103,    1104,    1145,    1144,0
CQUAD4,    1078,    1078,    1104,    1105,    1146,    1145,0
CQUAD4,    1079,    1079,    1105,    1106,    1147,    1146,0
CQUAD4,    1080,    1080,    1106,    1107,    1148,    1147,0
CQUAD4,    1081,    1081,    1108,    1109,    1150,    1149,0
CQUAD4,    1082,    1082,    1109,    1110,    1151,    1150,0
CQUAD4,    1083,    1083,    1110,    1111,    1152,    1151,0
CQUAD4,    1084,    1084,    1111,    1112,    1153,    1152,0
CQUAD4,    1085,    1085,    1112,    1113,    1154,    1153,0
CQUAD4,    1086,    1086,    1113,    1114,    1155,    1154,0
CQUAD4,    1087,    1087,    1114,    1115,    1156,    1155,0
CQUAD4,    1088,    1088,    1115,    1116,    1157,    1156,0
CQUAD4,    1089,    1089,    1116,    1117,    1158,    1157,0
CQUAD4,    1090,    1090,    1117,    1118,    1159,    1158,0
CQUAD4,    1091,    1091,    1118,    1119,    1160,    1159,0
CQUAD4,    1092,    1092,    1119,    1120,    1161,    1160,0
CQUAD4,    1093,    1093,    1120,    1121,    1162,    1161,0
CQUAD4,    1094,    1094,    1121,    1122,    1163,    1162,0
CQUAD4,    1095,    1095,    1122,    1123,    1164,    1163,0
CQUAD4,    1096,    1096,    1123,    1124,    1165,    1164,0
CQUAD4,    1097,    1097,    1124,    1125,    1166,    1165,0
CQUAD4,    1098,    1098,    1125,    1126,    1167,    1166,0
CQUAD4,    1099,    1099,    1126,    1127,    1168,    1167,0
CQUAD4,    1100,    1100,    1127,    1128,    1169,    1168,0
CQUAD4,    1101,    1101,    1128,    1129,    1170,    1169,0
CQUAD4,    1102,    1102,    1129,    1130,    1171,    1170,0
CQUAD4,    1103,    1103,    1130,    1131,    1172,    1171,0
CQUAD4,    1104,    1104,    1131,    1132,    1173,    1172,0
CQUAD4,    1105,    1105,    1132,    1133,    1174,    1173,0
CQUAD4,    1106,    1106,    1133,    1134,    1175,    1174,0
CQUAD4,    1107,    1107,    1134,    1135,    1176,    1175,0
CQUAD4,    1108,    1108,    1135,    1136,    1177,    1176,0
CQUAD4,    1109,    1109,    1136,    1137,    1178,    1177,0
CQUAD4,    1110,    1110,    1137,    1138,    1179,    1178,0
CQUAD4,    1111,    1111,    1138,    1139,    1180,    1179,0
CQUAD4,    1112,    1112,    1139,    1140,    1181,    1180,0
CQUAD4,    1113,    1113,    1140,    1141,    1182,    1181,0
CQUAD4,    1114,    1114,    1141,    1142,    1183,    1182,0
CQUAD4,    1115,    1115,    1142,    1143,    1184,    1183,0
CQUAD4,    1116,    1116,    1143,    1144,    1185,    1184,0
CQUAD4,    1117,    1117,    1144,    1145,    1186,    1185,0
CQUAD4,    1118,    1118,    1145,    1146,    1187,    1186,0
CQUAD4,    1119,    1119,    1146,    1147,    1188,    1187,0
CQUAD4,    1120,    1120,    1147,    1148,    1189,    1188,0
CQUAD4,    1121,    1121,    1149,    1150,    1191,    1190,0
CQUAD4,    1122,    1122,    1150,    1151,    1192,    1191,0
CQUAD4,    1123,    1123,    1151,    1152,    1193,    1192,0
CQUAD4,    1124,    1124,    1152,    1153,    1194,    1193,0
CQUAD4,    1125,    1125,    1153,    1154,    1195,    1194,0
CQUAD4,    1126,    1126,    1154,    1155,    1196,    1195,0
CQUAD4,    1127,    1127,    1155,    1156,    1197,    1196,0
CQUAD4,    1128,    1128,    1156,    1157,    1198,    1197,0
CQUAD4,    1129,    1129,    1157,    1158,    1199,    1198,0
CQUAD4,    1130,    1130,    1158,    1159,    1200,    1199,0
CQUAD4,    1131,    1131,    1159,    1160,    1201,    1200,0
CQUAD4,    1132,    1132,    1160,    1161,    1202,    1201,0
CQUAD4,    1133,    1133,    1161,    1162,    1203,    1202,0
CQUAD4,    1134,    1134,    1162,    1163,    1204,    1203,0
CQUAD4,    1135,    1135,    1163,    1164,    1205,    1204,0
CQUAD4,    1136,    1136,    1164,    1165,    1206,    1205,0
CQUAD4,    1137,    1137,    1165,    1166,    1207,    1206,0
CQUAD4,    1138,    1138,    1166,    1167,    1208,    1207,0
CQUAD4,    1139,    1139,    1167,    1168,    1209,    1208,0
CQUAD4,    1140,    1140,    1168,    1169,    1210,    1209,0
CQUAD4,    1141,    1141,    1169,    1170,    1211,    1210,0
CQUAD4,    1142,    1142,    1170,    1171,    1212,    1211,0
CQUAD4,    1143,    1143,    1171,    1172,    1213,    1212,0
CQUAD4,    1144,    1144,    1172,    1173,    1214,    1213,0
CQUAD4,    1145,    1145,    1173,    1174,    1215,    1214,0
CQUAD4,    1146,    1146,    1174,    1175,    1216,    1215,0
CQUAD4,    1147,    1147,    1175,    1176,    1217,    1216,0
CQUAD4,    1148,    1148,    1176,    1177,    1218,    1217,0
CQUAD4,    1149,    1149,    1177,    1178,    1219,    1218,0
CQUAD4,    1150,    1150,    1178,    1179,    1220,    1219,0
CQUAD4,    1151,    1151,    1179,    1180,    1221,    1220,0
CQUAD4,    1152,    1152,    1180,    1181,    1222,    1221,0
CQUAD4,    1153,    1153,    1181,    1182,    1223,    1222,0
CQUAD4,    1154,    1154,    1182,    1183,    1224,    1223,0
CQUAD4,    1155,    1155,    1183,    1184,    1225,    1224,0
CQUAD4,    1156,    1156,    1184,    1185,    1226,    1225,0
CQUAD4,    1157,    1157,    1185,    1186,    1227,    1226,0
CQUAD4,    1158,    1158,    1186,    1187,    1228,    1227,0
CQUAD4,    1159,    1159,    1187,    1188,    1229,    1228,0
CQUAD4,    1160,    1160,    1188,    1189,    1230,    1229,0
CQUAD4,    1161,    1161,    1190,    1191,    1232,    1231,0
CQUAD4,    1162,    1162,    1191,    1192,    1233,    1232,0
CQUAD4,    1163,    1163,    1192,    1193,    1234,    1233,0
CQUAD4,    1164,    1164,    1193,    1194,    1235,    1234,0
CQUAD4,    1165,    1165,    1194,    1195,    1236,    1235,0
CQUAD4,    1166,    1166,    1195,    1196,    1237,    1236,0
CQUAD4,    1167,    1167,    1196,    1197,    1238,    1237,0
CQUAD4,    1168,    1168,    1197,    1198,    1239,    1238,0
CQUAD4,    1169,    1169,    1198,    1199,    1240,    1239,0
CQUAD4,    1170,    1170,    1199,    1200,    1241,    1240,0
CQUAD4,    1171,    1171,    1200,    1201,    1242,    1241,0
CQUAD4,    1172,    1172,    1201,    1202,    1243,    1242,0
CQUAD4,    1173,    1173,    1202,    1203,    1244,    1243,0
CQUAD4,    1174,    1174,    1203,    1204,    1245,    1244,0
CQUAD4,    1175,    1175,    1204,    1205,    1246,    1245,0
CQUAD4,    1176,    1176,    1205,    1206,    1247,    1246,0
CQUAD4,    1177,    1177,    1206,    1207,    1248,    1247,0
CQUAD4,    1178,    1178,    1207,    1208,    1249,    1248,0
CQUAD4,    1179,    1179,    1208,    1209,    1250,    1249,0
CQUAD4,    1180,    1180,    1209,    1210,    1251,    1250,0
CQUAD4,    1181,    1181,    1210,    1211,    1252,    1251,0
CQUAD4,    1182,    1182,    1211,    1212,    1253,    1252,0
CQUAD4,    1183,    1183,    1212,    1213,    1254,    1253,0
CQUAD4,    1184,    1184,    1213,    1214,    1255,    1254,0
CQUAD4,    1185,    1185,    1214,    1215,    1256,    1255,0
CQUAD4,    1186,    1186,    1215,    1216,    1257,    1256,0
CQUAD4,    1187,    1187,    1216,    1217,    1258,    1257,0
CQUAD4,    1188,    1188,    1217,    1218,    1259,    1258,0
CQUAD4,    1189,    1189,    1218,    1219,    1260,    1259,0
CQUAD4,    1190,    1190,    1219,    1220,    1261,    1260,0
CQUAD4,    1191,    1191,    1220,    1221,    1262,    1261,0
CQUAD4,    1192,    1192,    1221,    1222,    1263,    1262,0
CQUAD4,    1193,    1193,    1222,    1223,    1264,    1263,0
CQUAD4,    1194,    1194,    1223,    1224,    1265,    1264,0
CQUAD4,    1195,    1195,    1224,    1225,    1266,    1265,0
CQUAD4,    1196,    1196,    1225,    1226,    1267,    1266,0
CQUAD4,    1197,    1197,    1226,    1227,    1268,    1267,0
CQUAD4,    1198,    1198,    1227,    1228,    1269,    1268,0
CQUAD4,    1199,    1199,    1228,    1229,    1270,    1269,0
CQUAD4,    1200,    1200,    1229,    1230,    1271,    1270,0
